   1.0000000000000000       -4.6246748017185190E-008  -1.1703104992326382E-008  -1.1419106174710968E-008   2.3122211097667192E-008   2.3124536849673772E-008
   7.0251256281407040       -4.6359110409434128E-008  -1.2555448146853726E-008  -1.0566763020200454E-008   2.3122211097667192E-008   2.3236899241939578E-008
   13.050251256281408       -4.6639385380707030E-008  -1.3393491159077668E-008  -9.7287200080178177E-009   2.3122211097667178E-008   2.3517174213253780E-008
   19.075376884422113       -4.7085460303222875E-008  -1.4205846951959963E-008  -8.9163642151992921E-009   2.3122211097667168E-008   2.3963249135833404E-008
   25.100502512562816       -4.7693866268137333E-008  -1.4982613510697632E-008  -8.1395976565448602E-009   2.3122211097667198E-008   2.4571655100831092E-008
   31.125628140703519       -4.8459716279364609E-008  -1.5715850730324501E-008  -7.4063604370169141E-009   2.3122211097667172E-008   2.5337505112157290E-008
   37.150753768844226       -4.9376707753747120E-008  -1.6399852286219133E-008  -6.7223588812327013E-009   2.3122211097667175E-008   2.6254496586650229E-008
   43.175879396984925       -5.0437226692197326E-008  -1.7031196499145552E-008  -6.0910146684240000E-009   2.3122211097667172E-008   2.7315015525218130E-008
   49.201005025125632       -5.1632561735004984E-008  -1.7608595163009015E-008  -5.5136160046815724E-009   2.3122211097667178E-008   2.8510350568146841E-008
   55.226130653266338       -5.2953205837912620E-008  -1.8132589234728089E-008  -4.9896219330834292E-009   2.3122211097667182E-008   2.9830994671175384E-008
   61.251256281407038       -5.4389203005629718E-008  -1.8605156682440003E-008  -4.5170544854895307E-009   2.3122211097667188E-008   3.1266991839010511E-008
   67.276381909547737       -5.5930492636256233E-008  -1.9029297625863661E-008  -4.0929135421789266E-009   2.3122211097667182E-008   3.2808281469750078E-008
   73.301507537688451       -5.7567212525931939E-008  -1.9408648527393820E-008  -3.7135626407554710E-009   2.3122211097667192E-008   3.4445001359532484E-008
   79.326633165829151       -5.9289937086792700E-008  -1.9747157581973318E-008  -3.3750535862754806E-009   2.3122211097667192E-008   3.6167725920492758E-008
   85.351758793969850       -6.1089843229323939E-008  -2.0048834386901889E-008  -3.0733767814389085E-009   2.3122211097667188E-008   3.7967632063115967E-008
   91.376884422110564       -6.2958808438561585E-008  -2.0317572598807189E-008  -2.8046385696180915E-009   2.3122211097667182E-008   3.9836597272438124E-008
   97.402010050251263       -6.4889452500714876E-008  -2.0557035779085871E-008  -2.5651753894165874E-009   2.3122211097667175E-008   4.1767241334668587E-008
   103.42713567839196       -6.6875136774266450E-008  -2.0770593157398998E-008  -2.3516180111737368E-009   2.3122211097667175E-008   4.3752925608290452E-008
   109.45226130653268       -6.8909934324713176E-008  -2.0961291975216318E-008  -2.1609191934202499E-009   2.3122211097667175E-008   4.5787723158800990E-008
   115.47738693467338       -7.0988582112647064E-008  -2.1131854828346001E-008  -1.9903563403484821E-009   2.3122211097667185E-008   4.7866370946792814E-008
   121.50251256281408       -7.3106423806772166E-008  -2.1284692852053261E-008  -1.8375183166937395E-009   2.3122211097667178E-008   4.9984212640970406E-008
   127.52763819095479       -7.5259349311962017E-008  -2.1421927994756759E-008  -1.7002831740379133E-009   2.3122211097667182E-008   5.2137138146207915E-008
   133.55276381909547       -7.7443735040825592E-008  -2.1545419678641613E-008  -1.5767914901962795E-009   2.3122211097667175E-008   5.4321523875114775E-008
   139.57788944723620       -7.9656387384531620E-008  -2.1656792749094766E-008  -1.4654184197824324E-009   2.3122211097667185E-008   5.6534176218860051E-008
   145.60301507537690       -8.1894490713542562E-008  -2.1757464791730106E-008  -1.3647463771827873E-009   2.3122211097667192E-008   5.8772279547906714E-008
   151.62814070351760       -8.4155560477316322E-008  -2.1848671717987137E-008  -1.2735394509582492E-009   2.3122211097667201E-008   6.1033349311712979E-008
   157.65326633165830       -8.6437401484168023E-008  -2.1931491070353839E-008  -1.1907200986212002E-009   2.3122211097667195E-008   6.3315190318594340E-008
   163.67839195979900       -8.8738071149763594E-008  -2.2006862850621047E-008  -1.1153483183811263E-009   2.3122211097667185E-008   6.5615859984217042E-008
   169.70351758793970       -9.1055847343030945E-008  -2.2075607889162552E-008  -1.0466032798644266E-009   2.3122211097667175E-008   6.7933636177509222E-008
   175.72864321608043       -9.3389200385607713E-008  -2.2138443895143504E-008  -9.8376727390621118E-010   2.3122211097667195E-008   7.0266989220108714E-008
   181.75376884422113       -9.5736768742730949E-008  -2.2195999389162331E-008  -9.2621177990824480E-010   2.3122211097667198E-008   7.2614557577252795E-008
   187.77889447236183       -9.8097337957502428E-008  -2.2248825743569888E-008  -8.7338542551984694E-010   2.3122211097667192E-008   7.4975126792043411E-008
   193.80402010050253       -1.0046982241206480E-007  -2.2297407556693414E-008  -8.2480361241404456E-010   2.3122211097667182E-008   7.7347611246623559E-008
   199.82914572864323       -1.0285324953902485E-007  -2.2342171575340437E-008  -7.8003959378330850E-010   2.3122211097667182E-008   7.9731038373599889E-008
   205.85427135678393       -1.0524674614868206E-007  -2.2383494361598641E-008  -7.3871680754022869E-010   2.3122211097667195E-008   8.2124534983272194E-008
   211.87939698492463       -1.0764952657889155E-007  -2.2421708879001718E-008  -7.0050229015106921E-010   2.3122211097667195E-008   8.4527315413495615E-008
   217.90452261306535       -1.1006088241285363E-007  -2.2457110151936412E-008  -6.6510101722935999E-010   2.3122211097667172E-008   8.6938671247470700E-008
   223.92964824120605       -1.1248017354493145E-007  -2.2489960132024106E-008  -6.3225103715370516E-010   2.3122211097667168E-008   8.9357962379560526E-008
   229.95477386934675       -1.1490682040546032E-007  -2.2520491886790950E-008  -6.0171928239807814E-010   2.3122211097667195E-008   9.1784609240100603E-008
   235.97989949748745       -1.1734029718251679E-007  -2.2548913209502913E-008  -5.7329795969650452E-010   2.3122211097667182E-008   9.4218086017167450E-008
   242.00502512562815       -1.1978012590199981E-007  -2.2575409734623728E-008  -5.4680143458543062E-010   2.3122211097667188E-008   9.6657914736660223E-008
   248.03015075376885       -1.2222587124750391E-007  -2.2600147630850175E-008  -5.2206353836804990E-010   2.3122211097667182E-008   9.9103660082173415E-008
   254.05527638190958       -1.2467713601869469E-007  -2.2623275932931414E-008  -4.9893523629533476E-010   2.3122211097667192E-008   1.0155492485337274E-007
   260.08040201005025       -1.2713355714160650E-007  -2.2644928564290906E-008  -4.7728260494375622E-010   2.3122211097667195E-008   1.0401134597629241E-007
   266.10552763819095       -1.2959480215680815E-007  -2.2665226094650483E-008  -4.5698507459168728E-010   2.3122211097667168E-008   1.0647259099150160E-007
   272.13065326633171       -1.3206056612204452E-007  -2.2684277270217564E-008  -4.3793389903160984E-010   2.3122211097667178E-008   1.0893835495674499E-007
   278.15577889447241       -1.3453056887501531E-007  -2.2702180348377020E-008  -4.2003082087874558E-010   2.3122211097667182E-008   1.1140835770972229E-007
   284.18090452261310       -1.3700455260966450E-007  -2.2719024264067862E-008  -4.0318690519409503E-010   2.3122211097667182E-008   1.1388234144437771E-007
   290.20603015075380       -1.3948227972590103E-007  -2.2734889651002431E-008  -3.8732151826538195E-010   2.3122211097667188E-008   1.1636006856062006E-007
   296.23115577889450       -1.4196353091824875E-007  -2.2749849737480528E-008  -3.7236143179278422E-010   2.3122211097667195E-008   1.1884131975297328E-007
   302.25628140703520       -1.4444810347367724E-007  -2.2763971133671264E-008  -3.5824003560727712E-010   2.3122211097667178E-008   1.2132589230840701E-007
   308.28140703517590       -1.4693580975291497E-007  -2.2777314524794089E-008  -3.4489664448931473E-010   2.3122211097667185E-008   1.2381359858764962E-007
   314.30653266331660       -1.4942647583300770E-007  -2.2789935282566919E-008  -3.3227588672118717E-010   2.3122211097667182E-008   1.2630426466774701E-007
   320.33165829145730       -1.5191994029184798E-007  -2.2801884005531030E-008  -3.2032716376149835E-010   2.3122211097667172E-008   1.2879772912659176E-007
   326.35678391959800       -1.5441605311793232E-007  -2.2813206997376978E-008  -3.0900417191967484E-010   2.3122211097667162E-008   1.3129384195268029E-007
   332.38190954773870       -1.5691467473078284E-007  -2.2823946691124753E-008  -2.9826447817586359E-010   2.3122211097667175E-008   1.3379246356553475E-007
   338.40703517587940       -1.5941567509933874E-007  -2.2834142025934293E-008  -2.8806914337010045E-010   2.3122211097667148E-008   1.3629346393409443E-007
   344.43216080402010       -1.6191893294723022E-007  -2.2843828782400079E-008  -2.7838238690789306E-010   2.3122211097667178E-008   1.3879672178198941E-007
   350.45728643216086       -1.6442433503523926E-007  -2.2853039881397404E-008  -2.6917128791393670E-010   2.3122211097667192E-008   1.4130212387000183E-007
   356.48241206030156       -1.6693177551244793E-007  -2.2861805650873633E-008  -2.6040551844099190E-010   2.3122211097667201E-008   1.4380956434721389E-007
   362.50753768844226       -1.6944115532861561E-007  -2.2870154064400089E-008  -2.5205710491758601E-010   2.3122211097667198E-008   1.4631894416338457E-007
   368.53266331658295       -1.7195238170122089E-007  -2.2878110954806293E-008  -2.4410021451434504E-010   2.3122211097667158E-008   1.4883017053599281E-007
   374.55778894472365       -1.7446536763139292E-007  -2.2885700205788230E-008  -2.3651096353518225E-010   2.3122211097667182E-008   1.5134315646616764E-007
   380.58291457286435       -1.7698003146362898E-007  -2.2892943924018823E-008  -2.2926724530726614E-010   2.3122211097667185E-008   1.5385782029840635E-007
   386.60804020100505       -1.7949629648479157E-007  -2.2899862593968413E-008  -2.2234857536024905E-010   2.3122211097667172E-008   1.5637408531957157E-007
   392.63316582914575       -1.8201409055839558E-007  -2.2906475217371050E-008  -2.1573595196006045E-010   2.3122211097667188E-008   1.5889187939317785E-007
   398.65829145728645       -1.8453334579064330E-007  -2.2912799439033787E-008  -2.0941173029966459E-010   2.3122211097667178E-008   1.6141113462542800E-007
   404.68341708542715       -1.8705399822506996E-007  -2.2918851660480893E-008  -2.0335950885477441E-010   2.3122211097667178E-008   1.6393178705985686E-007
   410.70854271356785       -1.8957598756299716E-007  -2.2924647142746084E-008  -1.9756402659170111E-010   2.3122211097667185E-008   1.6645377639778620E-007
   416.73366834170855       -1.9209925690731060E-007  -2.2930200099469364E-008  -1.9201106987048376E-010   2.3122211097667192E-008   1.6897704574210171E-007
   422.75879396984925       -1.9462375252733551E-007  -2.2935523781321122E-008  -1.8668738802069794E-010   2.3122211097667165E-008   1.7150154136212853E-007
   428.78391959799001       -1.9714942364282653E-007  -2.2940630552655862E-008  -1.8158061668782904E-010   2.3122211097667165E-008   1.7402721247762153E-007
   434.80904522613071       -1.9967622222529523E-007  -2.2945531961196066E-008  -1.7667920814944027E-010   2.3122211097667178E-008   1.7655401106009203E-007
   440.83417085427141       -2.0220410281508467E-007  -2.2950238801454832E-008  -1.7197236789249115E-010   2.3122211097667188E-008   1.7908189164988327E-007
   446.85929648241211       -2.0473302235276255E-007  -2.2954761172527058E-008  -1.6744999682179556E-010   2.3122211097667198E-008   1.8161081118756274E-007
   452.88442211055280       -2.0726294002354859E-007  -2.2959108530810083E-008  -1.6310263854044618E-010   2.3122211097667175E-008   1.8414072885835042E-007
   458.90954773869350       -2.0979381711362648E-007  -2.2963289738150145E-008  -1.5892143120193651E-010   2.3122211097667165E-008   1.8667160594842987E-007
   464.93467336683420       -2.1232561687729527E-007  -2.2967313105862003E-008  -1.5489806349153880E-010   2.3122211097667168E-008   1.8920340571210009E-007
   470.95979899497490       -2.1485830441402790E-007  -2.2971186435016264E-008  -1.5102473433872412E-010   2.3122211097667175E-008   1.9173609324883418E-007
   476.98492462311560       -2.1739184655458684E-007  -2.2974917053350296E-008  -1.4729411600606935E-010   2.3122211097667172E-008   1.9426963538939452E-007
   483.01005025125630       -2.1992621175543380E-007  -2.2978511849120182E-008  -1.4369932023749449E-010   2.3122211097667185E-008   1.9680400059024278E-007
   489.03517587939700       -2.2246137000073940E-007  -2.2981977302177842E-008  -1.4023386718113907E-010   2.3122211097667195E-008   1.9933915883554962E-007
   495.06030150753770       -2.2499729271136547E-007  -2.2985319512529021E-008  -1.3689165683119852E-010   2.3122211097667178E-008   2.0187508154617693E-007
   501.08542713567840       -2.2753395266025169E-007  -2.2988544226601290E-008  -1.3366694276010435E-010   2.3122211097667172E-008   2.0441174149506440E-007
   507.11055276381916       -2.3007132389368745E-007  -2.2991656861428545E-008  -1.3055430793401956E-010   2.3122211097667178E-008   2.0694911272850129E-007
   513.13567839195980       -2.3260938165800060E-007  -2.2994662526937205E-008  -1.2754864242643572E-010   2.3122211097667148E-008   2.0948717049281550E-007
   519.16080402010050       -2.3514810233123320E-007  -2.2997566046502449E-008  -1.2464512286225311E-010   2.3122211097667178E-008   2.1202589116604913E-007
   525.18592964824120       -2.3768746335941698E-007  -2.3000371975924379E-008  -1.2183919344138464E-010   2.3122211097667188E-008   2.1456525219423398E-007
   531.21105527638190       -2.4022744319708976E-007  -2.3003084620961790E-008  -1.1912654840497727E-010   2.3122211097667192E-008   2.1710523203190782E-007
   537.23618090452260       -2.4276802125173133E-007  -2.3005708053545883E-008  -1.1650311582184621E-010   2.3122211097667188E-008   2.1964581008655034E-007
   543.26130653266341       -2.4530917783181875E-007  -2.3008246126786561E-008  -1.1396504258211263E-010   2.3122211097667175E-008   2.2218696666663876E-007
   549.28643216080411       -2.4785089409823343E-007  -2.3010702488871922E-008  -1.1150868049767210E-010   2.3122211097667168E-008   2.2472868293305426E-007
   555.31155778894481       -2.5039315201876793E-007  -2.3013080595953209E-008  -1.0913057341724011E-010   2.3122211097667162E-008   2.2727094085358966E-007
   561.33668341708551       -2.5293593432550762E-007  -2.3015383724098252E-008  -1.0682744527306048E-010   2.3122211097667165E-008   2.2981372316033023E-007
   567.36180904522621       -2.5547922447487584E-007  -2.3017614980389689E-008  -1.0459618898247256E-010   2.3122211097667178E-008   2.3235701330969935E-007
   573.38693467336691       -2.5802300661015412E-007  -2.3019777313236224E-008  -1.0243385613672692E-010   2.3122211097667175E-008   2.3490079544497843E-007
   579.41206030150761       -2.6056726552629645E-007  -2.3021873521960808E-008  -1.0033764741292015E-010   2.3122211097667175E-008   2.3744505436112152E-007
   585.43718592964831       -2.6311198663688056E-007  -2.3023906265721526E-008  -9.8304903652953285E-011   2.3122211097667182E-008   2.3998977547170635E-007
   591.46231155778901       -2.6565715594304430E-007  -2.3025878071818820E-008  -9.6333097556337384E-011   2.3122211097667192E-008   2.4253494477787072E-007
   597.48743718592971       -2.6820276000426871E-007  -2.3027791343436059E-008  -9.4419825939847644E-011   2.3122211097667178E-008   2.4508054883909582E-007
   603.51256281407041       -2.7074878591088578E-007  -2.3029648366856423E-008  -9.2562802520136136E-011   2.3122211097667168E-008   2.4762657474571369E-007
   609.53768844221111       -2.7329522125818752E-007  -2.3031451318197616E-008  -9.0759851179645770E-011   2.3122211097667185E-008   2.5017301009301606E-007
   615.56281407035181       -2.7584205412203357E-007  -2.3033202269699129E-008  -8.9008899678772109E-011   2.3122211097667175E-008   2.5271984295686269E-007
   621.58793969849251       -2.7838927303585581E-007  -2.3034903195596583E-008  -8.7307973781967909E-011   2.3122211097667182E-008   2.5526706187068567E-007
   627.61306532663320       -2.8093686696896735E-007  -2.3036555977613251E-008  -8.5655191765910195E-011   2.3122211097667185E-008   2.5781465580379785E-007
   633.63819095477390       -2.8348482530609095E-007  -2.3038162410097284E-008  -8.4048759282463358E-011   2.3122211097667175E-008   2.6036261414092181E-007
   639.66331658291460       -2.8603313782802799E-007  -2.3039724204830180E-008  -8.2486964550228378E-011   2.3122211097667182E-008   2.6291092666285970E-007
   645.68844221105530       -2.8858179469339504E-007  -2.3041242995529961E-008  -8.0968173850922536E-011   2.3122211097667148E-008   2.6545958352822718E-007
   651.71356783919600       -2.9113078642135832E-007  -2.3042720342072294E-008  -7.9490827309117777E-011   2.3122211097667172E-008   2.6800857525619093E-007
   657.73869346733670       -2.9368010387530561E-007  -2.3044157734447129E-008  -7.8053434934817809E-011   2.3122211097667172E-008   2.7055789271013875E-007
   663.76381909547740       -2.9622973824739514E-007  -2.3045556596472039E-008  -7.6654572910436074E-011   2.3122211097667162E-008   2.7310752708222897E-007
   669.78894472361810       -2.9877968104392807E-007  -2.3046918289277532E-008  -7.5292880105444578E-011   2.3122211097667198E-008   2.7565746987876227E-007
   675.81407035175880       -3.0132992407149271E-007  -2.3048244114580794E-008  -7.3967054802687055E-011   2.3122211097667182E-008   2.7820771290632738E-007
   681.83919597989950       -3.0388045942383524E-007  -2.3049535317762281E-008  -7.2675851621638913E-011   2.3122211097667162E-008   2.8075824825867050E-007
   687.86432160804020       -3.0643127946941111E-007  -2.3050793090758557E-008  -7.1418078625790903E-011   2.3122211097667201E-008   2.8330906830424669E-007
   693.88944723618090       -3.0898237683957746E-007  -2.3052018574783713E-008  -7.0192594601130766E-011   2.3122211097667162E-008   2.8586016567441368E-007
   699.91457286432171       -3.1153374441738932E-007  -2.3053212862890959E-008  -6.8998306494340038E-011   2.3122211097667168E-008   2.8841153325222579E-007
   705.93969849246241       -3.1408537532696084E-007  -2.3054377002384808E-008  -6.7834167000924925E-011   2.3122211097667168E-008   2.9096316416179785E-007
   711.96482412060311       -3.1663726292336319E-007  -2.3055511997094162E-008  -6.6699172291988591E-011   2.3122211097667158E-008   2.9351505175820062E-007
   717.98994974874381       -3.1918940078302254E-007  -2.3056618809514635E-008  -6.5592359871967933E-011   2.3122211097667198E-008   2.9606718961786050E-007
   724.01507537688451       -3.2174178269459563E-007  -2.3057698362829382E-008  -6.4512806557571713E-011   2.3122211097667162E-008   2.9861957152943375E-007
   730.04020100502521       -3.2429440265028809E-007  -2.3058751542815593E-008  -6.3459626571786993E-011   2.3122211097667205E-008   3.0117219148512674E-007
   736.06532663316591       -3.2684725483759947E-007  -2.3059779199644327E-008  -6.2431969743376906E-011   2.3122211097667125E-008   3.0372504367243844E-007
   742.09045226130661       -3.2940033363146207E-007  -2.3060782149580745E-008  -6.1429019807403833E-011   2.3122211097667211E-008   3.0627812246630157E-007
   748.11557788944731       -3.3195363358675915E-007  -2.3061761176589576E-008  -6.0449992798852679E-011   2.3122211097667162E-008   3.0883142242159881E-007
   754.14070351758801       -3.3450714943119454E-007  -2.3062717033854281E-008  -5.9494135534535791E-011   2.3122211097667201E-008   3.1138493826603462E-007
   760.16582914572871       -3.3706087605850248E-007  -2.3063650445212159E-008  -5.8560724176993652E-011   2.3122211097667135E-008   3.1393866489334277E-007
   766.19095477386941       -3.3961480852197011E-007  -2.3064562106513239E-008  -5.7649062876222488E-011   2.3122211097667172E-008   3.1649259735681082E-007
   772.21608040201011       -3.4216894202826440E-007  -2.3065452686906008E-008  -5.6758482483799964E-011   2.3122211097667188E-008   3.1904673086310544E-007
   778.24120603015081       -3.4472327193153993E-007  -2.3066322830055098E-008  -5.5888339335056982E-011   2.3122211097667172E-008   3.2160106076638138E-007
   784.26633165829151       -3.4727779372781831E-007  -2.3067173155294514E-008  -5.5038014095953922E-011   2.3122211097667148E-008   3.2415558256266008E-007
   790.29145728643221       -3.4983250304962044E-007  -2.3068004258720963E-008  -5.4206910669753349E-011   2.3122211097667208E-008   3.2671029188446247E-007
   796.31658291457290       -3.5238739566084152E-007  -2.3068816714230265E-008  -5.3394455160777250E-011   2.3122211097667139E-008   3.2926518449568372E-007
   802.34170854271360       -3.5494246745185420E-007  -2.3069611074499998E-008  -5.2600094891456948E-011   2.3122211097667225E-008   3.3182025628669693E-007
   808.36683417085430       -3.5749771443482975E-007  -2.3070387871922218E-008  -5.1823297469437682E-011   2.3122211097667135E-008   3.3437550326967268E-007
   814.39195979899500       -3.6005313273926381E-007  -2.3071147619489218E-008  -5.1063549902682081E-011   2.3122211097667215E-008   3.3693092157410696E-007
   820.41708542713570       -3.6260871860769939E-007  -2.3071890811633251E-008  -5.0320357758951912E-011   2.3122211097667119E-008   3.3948650744254291E-007
   826.44221105527640       -3.6516446839163350E-007  -2.3072617925025737E-008  -4.9593244366722956E-011   2.3122211097667198E-008   3.4204225722647723E-007
   832.46733668341710       -3.6772037854760162E-007  -2.3073329419335926E-008  -4.8881750056786381E-011   2.3122211097667142E-008   3.4459816738244567E-007
   838.49246231155780       -3.7027644563342910E-007  -2.3074025737951657E-008  -4.8185431441406241E-011   2.3122211097667201E-008   3.4715423446827337E-007
   844.51758793969850       -3.7283266630464151E-007  -2.3074707308665710E-008  -4.7503860727490779E-011   2.3122211097667135E-008   3.4971045513948603E-007
   850.54271356783931       -3.7538903731102677E-007  -2.3075374544328545E-008  -4.6836625064910123E-011   2.3122211097667115E-008   3.5226682614587166E-007
   856.56783919598001       -3.7794555549334173E-007  -2.3076027843468563E-008  -4.6183325925139828E-011   2.3122211097667228E-008   3.5482334432818673E-007
   862.59296482412071       -3.8050221778015334E-007  -2.3076667590883661E-008  -4.5543578510315976E-011   2.3122211097667148E-008   3.5738000661499866E-007
   868.61809045226141       -3.8305902118481416E-007  -2.3077294158203732E-008  -4.4917011190464480E-011   2.3122211097667235E-008   3.5993681001965964E-007
   874.64321608040211       -3.8561596280255916E-007  -2.3077907904427271E-008  -4.4303264967160086E-011   2.3122211097667172E-008   3.6249375163740491E-007
   880.66834170854281       -3.8817303980772159E-007  -2.3078509176431818E-008  -4.3701992962805186E-011   2.3122211097667198E-008   3.6505082864256749E-007
   886.69346733668351       -3.9073024945106115E-007  -2.3079098309461210E-008  -4.3112859933652641E-011   2.3122211097667105E-008   3.6760803828590731E-007
   892.71859296482421       -3.9328758905720102E-007  -2.3079675627589896E-008  -4.2535541805058786E-011   2.3122211097667211E-008   3.7016537789204729E-007
   898.74371859296491       -3.9584505602216500E-007  -2.3080241444166038E-008  -4.1969725229228176E-011   2.3122211097667139E-008   3.7272284485701164E-007
   904.76884422110561       -3.9840264781101556E-007  -2.3080796062233570E-008  -4.1415107161902191E-011   2.3122211097667215E-008   3.7528043664586220E-007
   910.79396984924631       -4.0096036195558080E-007  -2.3081339774935924E-008  -4.0871394459761512E-011   2.3122211097667155E-008   3.7783815079042776E-007
   916.81909547738701       -4.0351819605227482E-007  -2.3081872865901215E-008  -4.0338303494674275E-011   2.3122211097667142E-008   3.8039598488712199E-007
   922.84422110552771       -4.0607614775999935E-007  -2.3082395609609590E-008  -3.9815559786501699E-011   2.3122211097667221E-008   3.8295393659484679E-007
   928.86934673366841       -4.0863421479812988E-007  -2.3082908271744597E-008  -3.9302897651676714E-011   2.3122211097667145E-008   3.8551200363297743E-007
   934.89447236180911       -4.1119239494457506E-007  -2.3083411109529011E-008  -3.8800059867486991E-011   2.3122211097667225E-008   3.8807018377942281E-007
   940.91959798994981       -4.1375068603391447E-007  -2.3083904372045573E-008  -3.8306797351072520E-011   2.3122211097667132E-008   3.9062847486876238E-007
   946.94472361809051       -4.1630908595560379E-007  -2.3084388300543600E-008  -3.7822868853275698E-011   2.3122211097667221E-008   3.9318687479045202E-007
   952.96984924623121       -4.1886759265224982E-007  -2.3084863128732442E-008  -3.7348040664589945E-011   2.3122211097667155E-008   3.9574538148709811E-007
   958.99497487437191       -4.2142620411794857E-007  -2.3085329083062182E-008  -3.6882086334954202E-011   2.3122211097667201E-008   3.9830399295279702E-007
   965.02010050251261       -4.2398491839668614E-007  -2.3085786382992317E-008  -3.6424786405027267E-011   2.3122211097667125E-008   4.0086270723153479E-007
   971.04522613065330       -4.2654373358079842E-007  -2.3086235241248299E-008  -3.5975928149104039E-011   2.3122211097667225E-008   4.0342152241564718E-007
   977.07035175879400       -4.2910264780948802E-007  -2.3086675864068215E-008  -3.5535305329465228E-011   2.3122211097667135E-008   4.0598043664433694E-007
   983.09547738693470       -4.3166165926739451E-007  -2.3087108451438066E-008  -3.5102717959848762E-011   2.3122211097667205E-008   4.0853944810224385E-007
   989.12060301507540       -4.3422076618321816E-007  -2.3087533197317653E-008  -3.4677972080287975E-011   2.3122211097667201E-008   4.1109855501806755E-007
   995.14572864321610       -4.3677996682838992E-007  -2.3087950289857128E-008  -3.4260879540985979E-011   2.3122211097667132E-008   4.1365775566323921E-007
   1001.1708542713568       -4.3933925951579370E-007  -2.3088359911603887E-008  -3.3851257794420325E-011   2.3122211097667201E-008   4.1621704835064315E-007
   1007.1959798994976       -4.4189864259853222E-007  -2.3088762239701741E-008  -3.3448929696701660E-011   2.3122211097667142E-008   4.1877643143338189E-007
   1013.2211055276383       -4.4445811446873537E-007  -2.3089157446081146E-008  -3.3053723317432927E-011   2.3122211097667225E-008   4.2133590330358529E-007
   1019.2462311557790       -4.4701767355641284E-007  -2.3089545697642432E-008  -3.2665471756293785E-011   2.3122211097667135E-008   4.2389546239126297E-007
   1025.2713567839196       -4.4957731832834522E-007  -2.3089927156430796E-008  -3.2284012968146574E-011   2.3122211097667218E-008   4.2645510716319530E-007
   1031.2964824120604       -4.5213704728701463E-007  -2.3090301979804561E-008  -3.1909189594451693E-011   2.3122211097667142E-008   4.2901483612186477E-007
   1037.3216080402010       -4.5469685896957320E-007  -2.3090670320597264E-008  -3.1540848801842810E-011   2.3122211097667241E-008   4.3157464780442355E-007
   1043.3467336683418       -4.5725675194684517E-007  -2.3091032327272218E-008  -3.1178842127086491E-011   2.3122211097667152E-008   4.3413454078169583E-007
   1049.3718592964824       -4.5981672482236526E-007  -2.3091388144071433E-008  -3.0823025327989189E-011   2.3122211097667201E-008   4.3669451365721576E-007
   1055.3969849246232       -4.6237677623144740E-007  -2.3091737911159034E-008  -3.0473258240536774E-011   2.3122211097667142E-008   4.3925456506629818E-007
   1061.4221105527638       -4.6493690484028826E-007  -2.3092081764758280E-008  -3.0129404641355362E-011   2.3122211097667211E-008   4.4181469367513909E-007
   1067.4472361809046       -4.6749710934509808E-007  -2.3092419837283989E-008  -2.9791332115799710E-011   2.3122211097667139E-008   4.4437489817994895E-007
   1073.4723618090452       -4.7005738847126125E-007  -2.3092752257469247E-008  -2.9458911930724806E-011   2.3122211097667201E-008   4.4693517730611250E-007
   1079.4974874371860       -4.7261774097252735E-007  -2.3093079150487267E-008  -2.9132018912761341E-011   2.3122211097667158E-008   4.4949552980737865E-007
   1085.5226130653268       -4.7517816563022471E-007  -2.3093400638069316E-008  -2.8810531330853422E-011   2.3122211097667145E-008   4.5205595446507622E-007
   1091.5477386934674       -4.7773866125250375E-007  -2.3093716838616994E-008  -2.8494330783274481E-011   2.3122211097667211E-008   4.5461645008735532E-007
   1097.5728643216082       -4.8029922667360298E-007  -2.3094027867310963E-008  -2.8183302089406769E-011   2.3122211097667142E-008   4.5717701550845460E-007
   1103.5979899497488       -4.8285986075313971E-007  -2.3094333836215657E-008  -2.7877333184855971E-011   2.3122211097667185E-008   4.5973764958799149E-007
   1109.6231155778896       -4.8542056237542331E-007  -2.3094634854379411E-008  -2.7576315021200583E-011   2.3122211097667162E-008   4.6229835121027514E-007
   1115.6482412060302       -4.8798133044879147E-007  -2.3094931027931567E-008  -2.7280141469096877E-011   2.3122211097667211E-008   4.6485911928364341E-007
   1121.6733668341710       -4.9054216390496657E-007  -2.3095222460175680E-008  -2.6988709225175193E-011   2.3122211097667162E-008   4.6741995273981861E-007
   1127.6984924623116       -4.9310306169843391E-007  -2.3095509251678724E-008  -2.6701917722248381E-011   2.3122211097667221E-008   4.6998085053328590E-007
   1133.7236180904524       -4.9566402280583846E-007  -2.3095791500358280E-008  -2.6419669042755293E-011   2.3122211097667162E-008   4.7254181164069056E-007
   1139.7487437185930       -4.9822504622540135E-007  -2.3096069301565219E-008  -2.6141867835894448E-011   2.3122211097667208E-008   4.7510283506025371E-007
   1145.7738693467338       -5.0078613097635478E-007  -2.3096342748164195E-008  -2.5868421237022203E-011   2.3122211097667142E-008   4.7766391981120714E-007
   1151.7989949748744       -5.0334727609839387E-007  -2.3096611930610879E-008  -2.5599238790556984E-011   2.3122211097667225E-008   4.8022506493324634E-007
   1157.8241206030152       -5.0590848065114721E-007  -2.3096876937026461E-008  -2.5334232374979462E-011   2.3122211097667139E-008   4.8278626948600010E-007
   1163.8492462311558       -5.0846974371366011E-007  -2.3097137853269680E-008  -2.5073316131942851E-011   2.3122211097667244E-008   4.8534753254851300E-007
   1169.8743718592966       -5.1103106438390041E-007  -2.3097394763005818E-008  -2.4816406395799181E-011   2.3122211097667158E-008   4.8790885321875330E-007
   1175.8994974874372       -5.1359244177827054E-007  -2.3097647747773933E-008  -2.4563421627811694E-011   2.3122211097667211E-008   4.9047023061312365E-007
   1181.9246231155780       -5.1615387503114265E-007  -2.3097896887050856E-008  -2.4314282350976454E-011   2.3122211097667129E-008   4.9303166386599596E-007
   1187.9497487437186       -5.1871536329440360E-007  -2.3098142258313853E-008  -2.4068911088167171E-011   2.3122211097667225E-008   4.9559315212925681E-007
   1193.9748743718594       -5.2127690573701307E-007  -2.3098383937100170E-008  -2.3827232301751867E-011   2.3122211097667235E-008   4.9815469457186638E-007
   1200.0000000000000       -5.2383850154457789E-007  -2.3098621997065559E-008  -2.3589172336437328E-011   2.3122211097667225E-008   5.0071629037943089E-007
