    0.1000000000D-05    0.3318227467D-13
    0.1000000000D-05    0.3106509138D-13
    0.1000000000D-05    0.2900668849D-13
    0.1000000000D-05    0.2701034508D-13
    0.1000000000D-05    0.2507896388D-13
    0.1000000000D-05    0.2321508092D-13
    0.1000000000D-05    0.2142087660D-13
    0.1000000000D-05    0.1969818821D-13
    0.1000000000D-05    0.1804852338D-13
    0.1000000000D-05    0.1647307453D-13
    0.1000000000D-05    0.1497273388D-13
    0.1000000000D-05    0.1354810908D-13
    0.1000000000D-05    0.1219953912D-13
    0.1000000000D-05    0.1092711030D-13
    0.1000000000D-05    0.9730672769D-14
    0.1000000000D-05    0.8609856025D-14
    0.1000000000D-05    0.7564085281D-14
    0.1000000000D-05    0.6592596941D-14
    0.1000000000D-05    0.5694453855D-14
    0.1000000000D-05    0.4868560259D-14
    0.1000000000D-05    0.4113676060D-14
    0.1000000000D-05    0.3428430771D-14
    0.1000000000D-05    0.2811336774D-14
    0.1000000000D-05    0.2260802028D-14
    0.1000000000D-05    0.1775142160D-14
    0.1000000000D-05    0.1352591938D-14
    0.1000000000D-05    0.9913160941D-15
    0.1000000000D-05    0.6894195522D-15
    0.1000000000D-05    0.4449569685D-15
    0.1000000000D-05    0.2559417134D-15
    0.1000000000D-05    0.1203541946D-15
    0.1000000000D-05    0.3614962052D-16
    0.1000000000D-05    0.1265158066D-17
    0.1000000000D-05    0.1362655038D-16
    0.1000000000D-05    0.7115418931D-16
    0.1000000000D-05    0.1717686742D-15
    0.1000000000D-05    0.3133958780D-15
    0.1000000000D-05    0.4939715442D-15
    0.1000000000D-05    0.7114454401D-15
    0.1000000000D-05    0.9637850843D-15
    0.1000000000D-05    0.1248979090D-14
    0.1000000000D-05    0.1565040122D-14
    0.1000000000D-05    0.1910007507D-14
    0.1000000000D-05    0.2281949524D-14
    0.1000000000D-05    0.2678965363D-14
    0.1000000000D-05    0.3099186891D-14
    0.1000000000D-05    0.3540779969D-14
    0.1000000000D-05    0.4001945752D-14
    0.1000000000D-05    0.4480921597D-14
    0.1000000000D-05    0.4975981853D-14
    0.1000000000D-05    0.5485438383D-14
    0.1000000000D-05    0.6007641053D-14
    0.1000000000D-05    0.6540977871D-14
    0.1000000000D-05    0.7083875166D-14
    0.1000000000D-05    0.7634797516D-14
    0.1000000000D-05    0.8192247620D-14
    0.1000000000D-05    0.8754766048D-14
    0.1000000000D-05    0.9320930884D-14
    0.1000000000D-05    0.9889357363D-14
    0.1000000000D-05    0.1045869725D-13
    0.1000000000D-05    0.1102763848D-13
    0.1000000000D-05    0.1159490434D-13
    0.1000000000D-05    0.1215925300D-13
    0.1000000000D-05    0.1271947668D-13
    0.1000000000D-05    0.1327440101D-13
    0.1000000000D-05    0.1382288428D-13
    0.1000000000D-05    0.1436381663D-13
    0.1000000000D-05    0.1489611937D-13
    0.1000000000D-05    0.1541874407D-13
    0.1000000000D-05    0.1593067194D-13
    0.1000000000D-05    0.1643091294D-13
    0.1000000000D-05    0.1691850505D-13
    0.1000000000D-05    0.1739251352D-13
    0.1000000000D-05    0.1785203023D-13
    0.1000000000D-05    0.1829617278D-13
    0.1000000000D-05    0.1872408399D-13
    0.1000000000D-05    0.1913493124D-13
    0.1000000000D-05    0.1952790577D-13
    0.1000000000D-05    0.1990222219D-13
    0.1000000000D-05    0.2025711787D-13
    0.1000000000D-05    0.2059185259D-13
    0.1000000000D-05    0.2090570800D-13
    0.1000000000D-05    0.2119798736D-13
    0.1000000000D-05    0.2146801517D-13
    0.1000000000D-05    0.2171513696D-13
    0.1000000000D-05    0.2193871919D-13
    0.1000000000D-05    0.2213814919D-13
    0.1000000000D-05    0.2231283508D-13
    0.1000000000D-05    0.2246220606D-13
    0.1000000000D-05    0.2258571254D-13
    0.1000000000D-05    0.2268282654D-13
    0.1000000000D-05    0.2275304218D-13
    0.1000000000D-05    0.2279587632D-13
    0.1000000000D-05    0.2281086929D-13
    0.1000000000D-05    0.2279758595D-13
    0.1000000000D-05    0.2275561675D-13
    0.1000000000D-05    0.2268457910D-13
    0.1000000000D-05    0.2258411899D-13
    0.1000000000D-05    0.2245391276D-13
    0.1000000000D-05    0.2229366925D-13
    0.1000000000D-05    0.2210313218D-13
    0.1000000000D-05    0.2188208290D-13
    0.1000000000D-05    0.2163034351D-13
    0.1000000000D-05    0.2134778046D-13
    0.1000000000D-05    0.2103430844D-13
    0.1000000000D-05    0.2068989494D-13
    0.1000000000D-05    0.2031456539D-13
    0.1000000000D-05    0.1990840873D-13
    0.1000000000D-05    0.1947158418D-13
    0.1000000000D-05    0.1900432808D-13
    0.1000000000D-05    0.1850696232D-13
    0.1000000000D-05    0.1797990334D-13
    0.1000000000D-05    0.1742367248D-13
    0.1000000000D-05    0.1683890777D-13
    0.1000000000D-05    0.1622637594D-13
    0.1000000000D-05    0.1558698876D-13
    0.1000000000D-05    0.1492181793D-13
    0.1000000000D-05    0.1423211427D-13
    0.1000000000D-05    0.1351932855D-13
    0.1000000000D-05    0.1278513497D-13
    0.1000000000D-05    0.1203145771D-13
    0.1000000000D-05    0.1126050111D-13
    0.1000000000D-05    0.1047478338D-13
    0.1000000000D-05    0.9677175369D-14
    0.1000000000D-05    0.8870943998D-14
    0.1000000000D-05    0.8059801934D-14
    0.1000000000D-05    0.7247963807D-14
    0.1000000000D-05    0.6440210503D-14
    0.1000000000D-05    0.5641962313D-14
    0.1000000000D-05    0.4859362546D-14
    0.1000000000D-05    0.4099373274D-14
    0.1000000000D-05    0.3369885078D-14
    0.1000000000D-05    0.2679843106D-14
    0.1000000000D-05    0.2039392237D-14
    0.1000000000D-05    0.1460044513D-14
    0.1000000000D-05    0.9548726483D-15
    0.1000000000D-05    0.5387342835D-15
    0.1000000000D-05    0.2285324874D-15
    0.1000000000D-05    0.4351904606D-16
    0.1000000000D-05    0.5648546568D-17
    0.1000000000D-05    0.1399928974D-15
    0.1000000000D-05    0.4752280051D-15
    0.1000000000D-05    0.1044206865D-14
    0.1000000000D-05    0.1884636576D-14
    0.1000000000D-05    0.3039880781D-14
    0.1000000000D-05    0.4559914076D-14
    0.1000000000D-05    0.6502461244D-14
    0.1000000000D-05    0.8934362595D-14
    0.1000000000D-05    0.1193321667D-13
    0.1000000000D-05    0.1558936515D-13
    0.1000000000D-05    0.2000830220D-13
    0.1000000000D-05    0.2531361284D-13
    0.1000000000D-05    0.3165057454D-13
    0.1000000000D-05    0.3919059596D-13
    0.1000000000D-05    0.4813671562D-13
    0.1000000000D-05    0.5873045998D-13
    0.1000000000D-05    0.7126044593D-13
    0.1000000000D-05    0.8607324776D-13
    0.1000000000D-05    0.1035872253D-12
    0.1000000000D-05    0.1243102559D-12
    0.1000000000D-05    0.1488626616D-12
    0.1000000000D-05    0.1780071237D-12
    0.1000000000D-05    0.2126880873D-12
    0.1000000000D-05    0.2540842163D-12
    0.1000000000D-05    0.3036790059D-12
    0.1000000000D-05    0.3633570243D-12
    0.1000000000D-05    0.4355368452D-12
    0.1000000000D-05    0.5233573890D-12
    0.1000000000D-05    0.6309433790D-12
    0.1000000000D-05    0.7637903382D-12
    0.1000000000D-05    0.9293341822D-12
    0.1000000000D-05    0.1137812861D-11
    0.1000000000D-05    0.1403602915D-11
    0.1000000000D-05    0.1747352492D-11
    0.1000000000D-05    0.2199498219D-11
    0.1000000000D-05    0.2806286317D-11
    0.1000000000D-05    0.3640546441D-11
    0.1000000000D-05    0.4822006641D-11
    0.1000000000D-05    0.6558104000D-11
    0.1000000000D-05    0.9232639822D-11
    0.1000000000D-05    0.1361848631D-10
    0.1000000000D-05    0.2145933965D-10
    0.1000000000D-05    0.3737858066D-10
    0.1000000000D-05    0.7712630438D-10
    0.1000000000D-05    0.2254473072D-09
    0.1000000000D-05    0.2142896838D-08
    0.1000000000D-05    0.2208214963D-08
    0.1000000000D-05    0.2586712174D-09
    0.1000000000D-05    0.9761311671D-10
    0.1000000000D-05    0.5212319786D-10
    0.1000000000D-05    0.3296511986D-10
    0.1000000000D-05    0.2304983904D-10
    0.1000000000D-05    0.1722323616D-10
    0.1000000000D-05    0.1349036236D-10
    0.1000000000D-05    0.1094425132D-10
    0.1000000000D-05    0.9123079590D-11
    0.1000000000D-05    0.7770948711D-11
    0.1000000000D-05    0.6736451196D-11
    0.1000000000D-05    0.5925178492D-11
    0.1000000000D-05    0.5275679656D-11
    0.1000000000D-05    0.4746496820D-11
    0.1000000000D-05    0.4308798393D-11
    0.1000000000D-05    0.3942004368D-11
    0.1000000000D-05    0.3631088826D-11
    0.1000000000D-05    0.3364861554D-11
    0.1000000000D-05    0.3134841807D-11
    0.1000000000D-05    0.2934501417D-11
    0.1000000000D-05    0.2758744699D-11
    0.1000000000D-05    0.2603543844D-11
    0.1000000000D-05    0.2465678727D-11
    0.1000000000D-05    0.2342548185D-11
    0.1000000000D-05    0.2232031069D-11
    0.1000000000D-05    0.2132382645D-11
    0.1000000000D-05    0.2042156271D-11
    0.1000000000D-05    0.1960143619D-11
    0.1000000000D-05    0.1885328502D-11
    0.1000000000D-05    0.1816850893D-11
    0.1000000000D-05    0.1753978618D-11
    0.1000000000D-05    0.1696084908D-11
    0.1000000000D-05    0.1642630455D-11
    0.1000000000D-05    0.1593148961D-11
    0.1000000000D-05    0.1547235419D-11
    0.1000000000D-05    0.1504536555D-11
    0.1000000000D-05    0.1464742974D-11
    0.1000000000D-05    0.1427582680D-11
    0.1000000000D-05    0.1392815694D-11
    0.1000000000D-05    0.1360229563D-11
    0.1000000000D-05    0.1329635594D-11
    0.1000000000D-05    0.1300865681D-11
    0.1000000000D-05    0.1273769626D-11
    0.1000000000D-05    0.1248212853D-11
    0.1000000000D-05    0.1224074465D-11
    0.1000000000D-05    0.1201245582D-11
    0.1000000000D-05    0.1179627905D-11
    0.1000000000D-05    0.1159132486D-11
    0.1000000000D-05    0.1139678661D-11
    0.1000000000D-05    0.1121193121D-11
    0.1000000000D-05    0.1103609108D-11
    0.1000000000D-05    0.1086865710D-11
    0.1000000000D-05    0.1070907249D-11
    0.1000000000D-05    0.1055682734D-11
    0.1000000000D-05    0.1041145390D-11
    0.1000000000D-05    0.1027252236D-11
    0.1000000000D-05    0.1013963715D-11
    0.1000000000D-05    0.1001243365D-11
    0.1000000000D-05    0.9890575261D-12
    0.1000000000D-05    0.9773750819D-12
    0.1000000000D-05    0.9661672257D-12
    0.1000000000D-05    0.9554072548D-12
    0.1000000000D-05    0.9450703834D-12
    0.1000000000D-05    0.9351335779D-12
    0.1000000000D-05    0.9255754053D-12
    0.1000000000D-05    0.9163759000D-12
    0.1000000000D-05    0.9075164413D-12
    0.1000000000D-05    0.8989796442D-12
    0.1000000000D-05    0.8907492598D-12
    0.1000000000D-05    0.8828100855D-12
    0.1000000000D-05    0.8751478832D-12
    0.1000000000D-05    0.8677493052D-12
    0.1000000000D-05    0.8606018268D-12
    0.1000000000D-05    0.8536936841D-12
    0.1000000000D-05    0.8470138191D-12
    0.1000000000D-05    0.8405518271D-12
    0.1000000000D-05    0.8342979104D-12
    0.1000000000D-05    0.8282428355D-12
    0.1000000000D-05    0.8223778931D-12
    0.1000000000D-05    0.8166948619D-12
    0.1000000000D-05    0.8111859764D-12
    0.1000000000D-05    0.8058438951D-12
    0.1000000000D-05    0.8006616726D-12
    0.1000000000D-05    0.7956327339D-12
    0.1000000000D-05    0.7907508502D-12
    0.1000000000D-05    0.7860101167D-12
    0.1000000000D-05    0.7814049321D-12
    0.1000000000D-05    0.7769299798D-12
    0.1000000000D-05    0.7725802099D-12
    0.1000000000D-05    0.7683508235D-12
    0.1000000000D-05    0.7642372567D-12
    0.1000000000D-05    0.7602351676D-12
    0.1000000000D-05    0.7563404223D-12
    0.1000000000D-05    0.7525490830D-12
    0.1000000000D-05    0.7488573970D-12
    0.1000000000D-05    0.7452617857D-12
    0.1000000000D-05    0.7417588349D-12
    0.1000000000D-05    0.7383452858D-12
    0.1000000000D-05    0.7350180260D-12
    0.1000000000D-05    0.7317740817D-12
    0.1000000000D-05    0.7286106103D-12
    0.1000000000D-05    0.7255248929D-12
    0.1000000000D-05    0.7225143284D-12
    0.1000000000D-05    0.7195764268D-12
    0.1000000000D-05    0.7167088035D-12
    0.1000000000D-05    0.7139091738D-12
    0.1000000000D-05    0.7111753482D-12
    0.1000000000D-05    0.7085052268D-12
    0.1000000000D-05    0.7058967958D-12
    0.1000000000D-05    0.7033481225D-12
    0.1000000000D-05    0.7008573512D-12
    0.1000000000D-05    0.6984226997D-12
    0.1000000000D-05    0.6960424577D-12
