   1.8897261246257702       0.79228673745870548     
   2.4432822621424095       0.11956456345590481     
   2.9968383996590497        3.4363489001469669E-002
   3.5503945371756895       -6.2340843822499357E-003
   4.1039506746923289       -2.8236825075756922E-002
   4.6575068122089682       -3.7328603274079254E-002
   5.2110629497256094       -3.8607817080190829E-002
   5.7646190872422487       -3.5608577067037926E-002
   6.3181752247588880       -3.0564929472931612E-002
   6.8717313622755274       -2.4855051199985309E-002
   7.4252874997921667       -1.9317295111000977E-002
   7.9788436373088079       -1.4434153974699932E-002
   8.5323997748254481       -1.0431903558010693E-002
   9.0859559123420865       -7.3454567943300776E-003
   9.6395120498587268       -5.0806458726829007E-003
   10.193068187375365       -3.4802860109102570E-003
   10.746624324892005       -2.3784396307039565E-003
   11.300180462408646       -1.6314865832577114E-003
   11.853736599925286       -1.1286217190718049E-003
   12.407292737441926       -7.9020730091100306E-004
   12.960848874958565       -5.6140812078919386E-004
   13.514405012475205       -4.0539465382397879E-004
   14.067961149991845       -2.9776994651700104E-004
   14.621517287508484       -2.2248308966346929E-004
   15.175073425025126       -1.6899391161683607E-004
   15.728629562541764       -1.3036563178989304E-004
   16.282185700058402       -1.0200648393187058E-004
   16.835741837575046       -8.0850012941361118E-005
   17.389297975091683       -6.4825138919800783E-005
   17.942854112608323       -5.2514575422931227E-005
   18.496410250124960       -4.2934426692094573E-005
   19.049966387641604       -3.5391339746309076E-005
   19.603522525158240       -2.9389247678554840E-005
   20.157078662674881       -2.4567908558056433E-005
   20.710634800191524       -2.0661943889494764E-005
   21.264190937708161       -1.7473197752390784E-005
   21.817747075224801       -1.4851835517137094E-005
   22.371303212741442       -1.2683240014769178E-005
   22.924859350258082       -1.0878800076739792E-005
   23.478415487774718       -9.3693459134739745E-006
   24.031971625291359       -8.1004081879299462E-006
   24.585527762807999       -7.0287504181347814E-006
   25.139083900324639       -6.1198021918666784E-006
   25.692640037841279       -5.3457378580775300E-006
   26.246196175357920       -4.6840234404617497E-006
   26.799752312874560       -4.1163071623618129E-006
   27.353308450391197       -3.6275648971758727E-006
   27.906864587907840       -3.2054366743799748E-006
   28.460420725424477       -2.8397077233011074E-006
   29.013976862941117       -2.5218998124797575E-006
   29.567533000457757       -2.2449474283745380E-006
   30.121089137974398       -2.0029396931467241E-006
   30.674645275491034       -1.7909135672830080E-006
   31.228201413007678       -1.6046873125987367E-006
   31.781757550524318       -1.4407257446074753E-006
   32.335313688040955       -1.2960307223119055E-006
   32.888869825557599       -1.1680517748857545E-006
   33.442425963074236       -1.0546128723479757E-006
   33.995982100590872       -9.5385219666044335E-007
   34.549538238107516       -8.6417242657311620E-007
   35.103094375624153       -7.8419955888338075E-007
   35.656650513140796       -7.1274868742551005E-007
   36.210206650657433       -6.4879547383446290E-007
   36.763762788174070       -5.9145229032937312E-007
   37.317318925690714       -5.3994821074665105E-007
   37.870875063207357       -4.9361218127717952E-007
   38.424431200723994       -4.5185882663124246E-007
   38.977987338240631       -4.1417644703370518E-007
   39.531543475757275       -3.8011684203546667E-007
   40.085099613273911       -3.4928666118458064E-007
   40.638655750790555       -3.2134003504927409E-007
   41.192211888307192       -2.9597228217117884E-007
   41.745768025823828       -2.7291452258501656E-007
   42.299324163340472       -2.5192905727521517E-007
   42.852880300857116       -2.3280539598036946E-007
   43.406436438373753       -2.1535683534082427E-007
   43.959992575890389       -1.9941750509856822E-007
   44.513548713407033       -1.8483981334416896E-007
   45.067104850923670       -1.7149223258807248E-007
   45.620660988440314       -1.5925737765805082E-007
   46.174217125956943       -1.4803033386713876E-007
   46.727773263473587       -1.3771720026981575E-007
   47.281329400990231       -1.2823381824449197E-007
   47.834885538506867       -1.1950465974288103E-007
   48.388441676023511       -1.1146185381512325E-007
   48.941997813540148       -1.0404433263022031E-007
   49.495553951056785       -9.7197081203282689E-008
   50.049110088573428       -9.0870477295407812E-008
   50.602666226090072       -8.5019709758773669E-008
   51.156222363606702       -7.9604265124512094E-008
   51.709778501123346       -7.4587474021116681E-008
   52.263334638639989       -6.9936109624447734E-008
   52.816890776156626       -6.5620031931677738E-008
   53.370446913673263       -6.1611872007902071E-008
   53.924003051189906       -5.7886751522736779E-008
   54.477559188706543       -5.4422033101423880E-008
   55.031115326223187       -5.1197098158697774E-008
   55.584671463739831       -4.8193148510710298E-008
   56.138227601256460       -4.5393029436107169E-008
   56.691783738773104       -4.2781071351785360E-008
