   0.0000000000000000       -152.13684082031250       -152.13684082031250        76.068420410156250        76.068420410156250        76.068420410156250        76.068420410156250     
   7.5376884422110555       -156.07500844700314       -149.06653192058826        65.501529937051515        72.993388457895591        80.011311089383256        86.635310883260985     
   15.075376884422111       -160.79749529738515       -146.93756872649112        54.934639463946780        70.859702211262046        84.738520992301702        97.202201356365720     
   22.613065326633166       -166.21760530669326       -145.80581842405138        44.367748990842053        69.723228856285985        90.163354054146154        107.76909182947044     
   30.150753768844222       -172.25081722901021       -145.70280039393174        33.800858517737318        69.615487773629894        96.201289028999525        118.33598230257519     
   37.688442211055275       -178.81830662472632       -146.63150975574820        23.233968044632604        70.539474082909905        102.77350147725211        128.90287277567992     
   45.226130653266331       -185.84885710689252       -148.56600604243312        12.667077571527869        72.469247317058489        109.80877501195465        139.46976324878463     
   52.763819095477388       -193.27955545530452       -151.45489231003552        2.1001870984231181        75.353410532124514        117.24419641290298        150.03665372188939     
   60.301507537688444       -201.05568226302941       -155.22765730320867       -8.4667033746816145        79.121452472761334        125.02504627316434        160.60354419499413     
   67.839195979899500       -209.13013749915299       -159.80220955676563       -19.033593847786349        83.691281673781845        133.10422456182431        171.17043466809886     
   75.376884422110550       -217.46264399177016       -165.09200521350226       -29.600484320891084        88.976354277982054        141.44145410697783        181.73732514120357     
   82.914572864321613       -226.01888517093525       -171.01173674237634       -40.167374793995805        94.891362754319800        150.00241833867932        192.30421561430833     
   90.452261306532662       -234.76966794890740       -177.48121778073670       -50.734265267100540        101.35612074014375        158.75792416918790        202.87110608741304     
   97.989949748743726       -243.69015724888689       -184.42759346439200       -61.301155740205289        108.29777337126266        167.68313652170377        213.43799656051780     
   105.52763819095478       -252.75920101538824       -191.78624846649060       -71.868046213310009        115.65170532082487        176.75690334074153        224.00488703362251     
   113.06532663316584       -261.95874856477406       -199.50083088394439       -82.434936686414730        123.36156468574225        185.96117394266378        234.57177750672724     
   120.60301507537689       -271.27335673868288       -207.52274965560244       -93.001827159519479        131.37876040486393        195.28050516910895        245.13866797983198     
   128.14070351758795       -280.68977453544306       -215.81040804723236       -103.56871763262423        139.66169574395747        204.70164601840551        255.70555845293674     
   135.67839195979900       -290.19659574470472       -224.32834561066147       -114.13560810572895        148.17491025485012        214.21319028020346        266.27244892604148     
   143.21608040201005       -299.78396936530248       -233.04639101007729       -124.70249857883367        156.88823260172958        223.80528695333754        276.83933939914613     
   150.75376884422110       -309.44335851023726       -241.93887973890611       -135.26938905193839        165.77599827802200        233.46939915080884        287.40622987225089     
   158.29145728643218       -319.16733967725315       -250.98396009227764       -145.83627952504315        174.81635557885716        243.19810337036105        297.97312034535565     
   165.82914572864323       -328.94943546413850       -260.16299277416334       -156.40316999814792        183.99066520820648        252.98492220978289        308.54001081846042     
   173.36683417085428       -338.78397492396562       -269.46003985717255       -166.97006047125262        193.28298923867922        262.82418472214641        319.10690129156512     
   180.90452261306532       -348.66597674094533       -278.86143427575445       -177.53695094435733        202.67966060472480        272.71090959166241        329.67379176466983     
   188.44221105527637       -358.59105125128849       -288.35541946679626       -188.10384141746209        212.16892274323027        282.64070715454221        340.24068223777459     
   195.97989949748745       -368.55531804188564       -297.93184881320144       -198.67073189056683        221.74062903709901        292.60969699767560        350.80757271087936     
   203.51758793969850       -378.55533644700336       -307.58193537579751       -209.23762236367151        231.38599254715865        302.61443845532972        361.37446318398401     
   211.05527638190955       -388.58804674632216       -317.29804354557314       -219.80451283677627        241.09737766439784        312.65187180718499        371.94135365708877     
   218.59296482412060       -398.65072026298571       -327.07351545539410       -230.37140330988098        250.86812652168243        322.71926837638495        382.50824413019348     
   226.13065326633168       -408.74091688292953       -336.90252612894193       -240.93829378298577        260.69241414269391        332.81418804886493        393.07513460329824     
   233.66834170854273       -418.85644877960840       -346.77996235840254       -251.50518425609047        270.56512731961817        342.93444299808027        403.64202507640300     
   241.20603015075378       -428.99534934236897       -356.70132117486867       -262.07207472919515        280.48176308354789        353.07806661337725        414.20891554950771     
   248.74371859296483       -439.15584648123126       -366.66262451038529       -272.63896520229991        290.43834336652804        363.24328680477606        424.77580602261247     
   256.28140703517590       -449.33633962325712       -376.66034726125849       -283.20585567540473        300.43134306486485        373.42850299933832        435.34269649571723     
   263.81909547738695       -459.53537983207991       -386.69135646523489       -293.77274614850944        310.45762921630489        383.63226626069763        445.90958696882194     
   271.35678391959800       -469.75165257749126       -396.75285971709496       -304.33963662161415        320.51440941562856        393.85326205864516        456.47647744192665     
   278.89447236180905       -479.98396276021521       -406.84236128348857       -314.90652709471891        330.59918792948577        404.09029529390546        467.04336791503141     
   286.43216080402010       -490.23122166136761       -416.95762465190307       -325.47341756782362        340.70972824536381        414.34227724759421        477.61025838813612     
   293.96984924623115       -500.49243553918495       -427.09664047189449       -336.04030804092838        350.84402101281904        424.60821417794818        488.17714886124082     
   301.50753768844220       -510.76669563951100       -437.25759902864917       -346.60719851403303        361.00025651703720        434.88719733081064        498.74403933434553     
   309.04522613065325       -521.05316942293041       -447.43886653734364       -357.17408898713779        371.17680097319533        445.17839416676605        509.31092980745029     
   316.58291457286435       -531.35109284170449       -457.63896466803806       -367.74097946024256        381.37217605135322        455.48104063807682        519.87782028055506     
   324.12060301507540       -541.65976352489918       -467.85655281009616       -378.30786993334726        391.58504114087509        465.79443437380780        530.44471075365982     
   331.65829145728645       -551.97853475117699       -478.09041266655163       -388.87476040645197        401.81417794479410        476.11792865262191        541.01160122676458     
   339.19597989949750       -562.30681010642024       -488.33943483580759       -399.44165087955679        412.05847706151371        486.45092706040191        551.57849169986923     
   346.73366834170855       -572.64403873819651       -498.60260709325098       -410.00854135266150        422.31692626642052        496.79287874471424        562.14538217297400     
   354.27135678391960       -582.98971113160439       -508.87900413098976       -420.57543182576620        432.58860025162312        507.14327419065864        572.71227264607876     
   361.80904522613065       -593.34335534162085       -519.16777855173132       -431.14232229887091        442.87265161982810        517.50164145321139        583.27916311918341     
   369.34673366834170       -603.70453362601984       -529.46815294423300       -441.70921277197584        453.16830295979344        527.86754279014690        593.84605359228817     
   376.88442211055275       -614.07283943055222       -539.77941289393982       -452.27610324508049        463.47483985696385        538.24057164721580        604.41294406539294     
   384.42211055276385       -624.44789468454735       -550.10090080429256       -462.84299371818520        473.79160471478019        548.62034995374734        614.97983453849770     
   391.95979899497490       -634.82934737062465       -560.43201042250973       -473.40988419128996        484.11799128046118        559.00652569236092        625.54672501160246     
   399.49748743718595       -645.21686933693422       -570.77218197904199       -483.97677466439467        494.45343978445686        569.39877071120679        636.11361548470722     
   407.03517587939700       -655.61015432439353       -581.12089786285162       -494.54366513749932        504.79743261573009        579.79677875120262        646.68050595781176     
   414.57286432160805       -666.00891618487731       -591.47767876563034       -505.11055561060414        515.14949046597224        590.20026366422280        657.24739643091652     
   422.11055276381910       -676.41288726930622       -601.84208023731435       -515.67744608370890        525.50916888512006        600.60895780118801        667.81428690402129     
   429.64824120603015       -686.82181696718135       -612.21368960313794       -526.24433655681355        535.87605519840724        611.02261055159954        678.38117737712605     
   437.18592964824120       -697.23547038134109       -622.59212319915059       -536.81122702991820        546.24976574188349        621.44098701829557        688.94806785023070     
   444.72361809045225       -707.65362712366186       -632.97702388882703       -547.37811750302319        556.62994337902330        631.86386681315298        699.51495832333546     
   452.26130653266335       -718.07608021910505       -643.36805882829015       -557.94500797612773        567.01625526595046        642.29104296113223        710.08184879644023     
   459.79899497487440       -728.50263510698699       -653.76491745183216       -568.51189844923260        577.40839083695607        652.72232090155080        720.64873926954510     
   467.33668341708545       -738.93310872961933       -664.16730965302770       -579.07878892233714        587.80605998561509        663.15751757671956        731.21562974264975     
   474.87437185929650       -749.36732869958519       -674.57496413980857       -589.64567939544213        598.20899141985956        673.59646059922170        741.78252021575452     
   482.41206030150755       -759.80513253789763       -684.98762694455240       -600.21256986854667        608.61693117206721        684.03898749007044        752.34941068885917     
   489.94974874371860       -770.24636697614301       -695.40506007252668       -610.77946034165154        619.02964124750486        694.48494498085222        762.91630116196393     
   497.48743718592965       -780.69088731645559       -705.82704027403588       -621.34635081475608        629.44689839647754        704.93418837370132        773.48319163506869     
   505.02512562814070       -791.13855684384816       -716.25335792736428       -631.91324128786096        639.86849299726964        715.38658095363041        784.05008210817346     
   512.56281407035181       -801.58924628598743       -726.68381602108707       -642.48013176096549        650.29422803845603        725.84199344830586        794.61697258127822     
   520.10050251256280       -812.04283331603438       -737.11822922566682       -653.04702223407037        660.72391819049938        736.30030353088932        805.18386305438287     
   527.63819095477390       -822.49920209461413       -747.55642304537855       -663.61391270717513        671.15738895767481        746.76139536200526        815.75075352748763     
   535.17587939698490       -832.95824284738535       -757.99823304262497       -674.18080318027990        681.59447590238483        757.22515916731345        826.31764400059228     
   542.71356783919600       -843.41985147504477       -768.44350412757433       -684.74769365338454        692.03502393479766        767.69149084750870        836.88453447369704     
   550.25125628140700       -853.88392919289834       -778.89208990682584       -695.31458412648908        702.47888666151300        778.16029161789868        847.45142494680169     
   557.78894472361810       -864.35038219744399       -789.34385208549907       -705.88147459959407        712.92592578764959        788.63146767498074        858.01831541990657     
   565.32663316582921       -874.81912135763309       -799.79865991771919       -716.44836507269883        723.37601056733320        799.10492988770636        868.58520589301133     
   572.86432160804020       -885.29006192871611       -810.25638970102409       -727.01525554580348        733.82901729810203        809.58059351132556        879.15209636611598     
   580.40201005025131       -895.76312328678159       -820.71692431066776       -737.58214601890836        744.28482885520941        820.05837792192779        889.71898683922086     
   587.93969849246230       -906.23822868226330       -831.18015277020959       -748.14903649201278        754.74333426221494        830.53820636994578        900.28587731232540     
   595.47738693467340       -916.71530501086647       -841.64596985515482       -758.71592696511766        765.20442829462343        841.02000575108536        910.85276778543016     
   603.01507537688440       -927.19428260049199       -852.11427572672721       -769.28281743822242        775.66801111365953        851.50370639324728        921.41965825853481     
   610.55276381909550       -937.67509501288157       -862.58497559314765       -779.84970791132707        786.13398792754344        861.98924185817293        931.98654873163957     
   618.09045226130650       -948.15767885880950       -873.05797939604554       -790.41659838443184        796.60226867790493        872.47654875663738        942.55343920474434     
   625.62814070351760       -958.64197362576328       -883.53320151987066       -800.98348885753660        807.07276774919387        882.96556657612769        953.12032967784910     
   633.16582914572871       -969.12792151713757       -894.01056052236072       -811.55037933064125        817.54540369914776        893.45623752003848        963.68722015095386     
   640.70351758793970       -979.61546730206157       -904.48997888432291       -822.11726980374601        828.02009900857365        903.94850635749890        974.25411062405863     
   648.24120603015081       -990.10455817504680       -914.97138277712668       -832.68416027685112        838.49677984884079        914.44232028302031        984.82100109716339     
   655.77889447236180       -1000.5951436247192       -925.45470184648275       -843.25105074995554        848.97537586566011        924.93762878522898        995.38789157026804     
   663.31658291457290       -1011.0871753109612       -935.93986901118933       -853.81794122306042        859.45581997783074        935.43438352400756        1005.9547820433728     
   670.85427135678390       -1021.5806069498390       -946.42682027565729       -864.38483169616495        869.93804818976207        945.93253821542169        1016.5216725164775     
   678.39195979899500       -1032.0753942057486       -956.91549455512495       -874.95172216926971        880.42199941669332        956.43204852386771        1027.0885629895822     
   685.92964824120600       -1042.5714945902621       -967.40583351258772       -885.51861264237471        890.90761532161969        966.93287196091762        1037.6554534626869     
   693.46733668341710       -1053.0688673671946       -977.89778140652504       -896.08550311547924        901.39484016302060        977.43496779038674        1048.2223439357917     
   701.00502512562821       -1063.5674734634440       -988.39128494861188       -906.65239358858412        911.88362065257115        987.93829693917246        1058.7892344088966     
   708.54271356783920       -1074.0672753852125       -998.88629317066057       -917.21928406168865        922.37390582208343        998.44282191347736        1069.3561248820013     
   716.08040201005031       -1084.5682371392222       -1009.3827573000995       -927.78617453479342        932.86564689898591        1008.9485067200235        1079.9230153551059     
   723.61809045226130       -1095.0703241585920       -1019.8806306433638       -938.35306500789807        943.35879718971364        1019.4553167919291        1090.4899058282106     
   731.15577889447241       -1105.5735032330517       -1030.3798684766175       -948.91995548100283        953.85331197043115        1029.9632189189256        1101.0567963013154     
   738.69346733668340       -1116.0777424432040       -1040.8804279432743       -959.48684595410759        964.34914838455143        1040.4721811816144        1111.6236867744201     
   746.23115577889450       -1126.5830110985635       -1051.3822679578338       -970.05373642721236        974.84626534657480        1050.9821728895101        1122.1905772475247     
   753.76884422110550       -1137.0892796791195       -1061.8853491155837       -980.62062690031712        985.34462345178815        1061.4931645226025        1132.7574677206296     
   761.30653266331660       -1147.5965197801970       -1072.3896336077528       -991.18751737342188        995.84418489142058        1072.0051276762167        1143.3243581937343     
   768.84422110552771       -1158.1047040603967       -1082.8950851417410       -1001.7544078465265        1006.3449133728726        1082.5180350089527        1153.8912486668391     
   776.38190954773870       -1168.6138061924175       -1093.4016688660740       -1012.3212983196313        1016.8467740446691        1093.0318601935098        1164.4581391399438     
   783.91959798994981       -1179.1238008165769       -1103.9093512997574       -1022.8881887927358        1027.3497334258166        1103.5465778702060        1175.0250296130487     
   791.45728643216080       -1189.6346634968600       -1114.4181002657394       -1033.4550792658406        1037.8537593392616        1114.0621636030246        1185.5919200861531     
   798.99497487437191       -1200.1463706793356       -1124.9278848281988       -1044.0219697389457        1048.3588208491847        1124.5785938380368        1196.1588105592582     
   806.53266331658290       -1210.6588996527951       -1135.4386752334117       -1054.5888602120503        1058.8648882018610        1135.0958458640328        1206.7257010323626     
   814.07035175879400       -1221.1722285114777       -1145.9504428539597       -1065.1557506851548        1069.3719327698730        1145.6138977752519        1217.2925915054673     
   821.60804020100500       -1231.6863361197479       -1156.4631601360579       -1075.7226411582596        1079.8799269994352        1156.1327284360584        1227.8594819785721     
   829.14572864321610       -1242.2012020786178       -1166.9768005498076       -1086.2895316313643        1090.3888443606481        1166.6523174474648        1238.4263724516768     
   836.68341708542721       -1252.7168066939921       -1177.4913385421796       -1096.8564221044692        1100.8986593004836        1177.1726451153750        1248.9932629247817     
   844.22110552763820       -1263.2331309465412       -1188.0067494925634       -1107.4233125775741        1111.4093471983313        1187.6936924204610        1259.5601533978863     
   851.75879396984931       -1273.7501564631029       -1198.5230096707128       -1117.9902030506787        1121.9208843239439        1198.2154409895591        1270.1270438709912     
   859.29648241206030       -1284.2678654895253       -1209.0400961969451       -1128.5570935237834        1132.4332477976400        1208.7378730685177        1280.6939343440959     
   866.83417085427141       -1294.7862408648607       -1219.5579870044501       -1139.1239839968880        1142.9464155526089        1219.2609714963899        1291.2608248172005     
   874.37185929648240       -1305.3052659968423       -1230.0766608035822       -1149.6908744699927        1153.4603662992042        1229.7847196809078        1301.8277152903052     
   881.90954773869350       -1315.8249248385639       -1240.5960970480141       -1160.2577649430975        1163.9750794910997        1240.3091015751654        1312.3946057634100     
   889.44723618090450       -1326.3452018662920       -1251.1162759026411       -1170.8246554162024        1174.4905352931903        1250.8341016554302        1322.9614962365147     
   896.98492462311560       -1336.8660820583591       -1261.6371782131305       -1181.3915458893071        1185.0067145511434        1261.3597049000339        1333.5283867096193     
   904.52261306532671       -1347.3875508750589       -1272.1587854770205       -1191.9584363624117        1195.5235987624974        1271.8858967692704        1344.0952771827242     
   912.06030150753770       -1357.9095942395065       -1282.6810798162746       -1202.5253268355164        1206.0411700492150        1282.4126631862534        1354.6621676558289     
   919.59798994974881       -1368.4321985193963       -1293.2040439512093       -1213.0922173086215        1216.5594111316129        1292.9399905186797        1365.2290581289340     
   927.13567839195980       -1378.9553505096176       -1303.7276611757129       -1223.6591077817261        1227.0783053035802        1303.4678655614377        1375.7959486020386     
   934.67336683417091       -1389.4790374156773       -1314.2519153336875       -1234.2259982548308        1237.5978364090183        1313.9962755200340        1386.3628390751433     
   942.21105527638190       -1400.0032468378895       -1324.7767907966386       -1244.7928887279354        1248.1179888194333        1324.5252079947825        1396.9297295482479     
   949.74874371859300       -1410.5279667562841       -1335.3022724423492       -1255.3597792010403        1258.6387474126075        1335.0546509657133        1407.4966200213528     
   957.28643216080400       -1421.0531855162053       -1345.8283456345744       -1265.9266696741449        1269.1600975522963        1345.5845927781711        1418.0635104944574     
   964.82412060301510       -1431.5788918145602       -1356.3549962037173       -1276.4935601472498        1279.6820250689020        1356.1150221290620        1428.6304009675621     
   972.36180904522621       -1442.1050746866795       -1366.8822104284000       -1287.0604506203547        1290.2045162410489        1366.6459280537181        1439.1972914406672     
   979.89949748743720       -1452.6317234937646       -1377.4099750179121       -1297.6273410934596        1300.7275577780249        1377.1772999133391        1449.7641819137716     
   987.43718592964831       -1463.1588279108871       -1387.9382770954730       -1308.1942315665635        1311.2511368030493        1387.7091273829983        1460.3310723868763     
   994.97487437185930       -1473.6863779155187       -1398.4671041822658       -1318.7611220396682        1321.7752408373058        1398.2414004401662        1470.8979628599811     
   1002.5125628140704       -1484.2143637765503       -1408.9964441822101       -1329.3280125127735        1332.2998577847134        1408.7741093537352        1481.4648533330858     
   1010.0502512562814       -1494.7427760437981       -1419.5262853674124       -1339.8949029858782        1342.8249759173791        1419.3072446735180        1492.0317438061907     
   1017.5879396984925       -1505.2716055379428       -1430.0566163642929       -1350.4617934589830        1353.3505838617230        1429.8407972201999        1502.5986342792953     
   1025.1256281407036       -1515.8008433409177       -1440.5874261403212       -1361.0286839320872        1363.8766705852161        1440.3747580757108        1513.1655247524002     
   1032.6633165829146       -1526.3304807866846       -1451.1187039913484       -1371.5955744051923        1374.4032253837063        1450.9091185740144        1523.7324152255048     
   1040.2010050251256       -1536.8605094524087       -1461.6504395294958       -1382.1624648782970        1384.9302378693171        1461.4438702922748        1534.2993056986095     
   1047.7386934673368       -1547.3909211499952       -1472.1826226715771       -1392.7293553514019        1395.4576979588621        1471.9790050423971        1544.8661961717144     
   1055.2763819095478       -1557.9217079179778       -1482.7152436280221       -1403.2962458245065        1405.9855958627709        1482.5145148629167        1555.4330866448190     
   1062.8140703517588       -1568.4528620137453       -1493.2482928922830       -1413.8631362976109        1416.5139220744954        1493.0503920112203        1565.9999771179237     
   1070.3517587939698       -1578.9843759060782       -1503.7817612306942       -1424.4300267707160        1427.0426673603702        1503.5866289560897        1576.5668675910283     
   1077.8894472361810       -1589.5162422679946       -1514.3156396727620       -1434.9969172438211        1437.5718227499015        1514.1232183705422        1587.1337580641334     
   1085.4271356783920       -1600.0484539698775       -1524.8499195018671       -1445.5638077169253        1448.1013795264701        1524.6601531249621        1597.7006485372378     
   1092.9648241206030       -1610.5810040728884       -1535.3845922463611       -1456.1306981900304        1458.6313292184279        1535.1974262805088        1608.2675390103427     
   1100.5025125628140       -1621.1138858226282       -1545.9196496710288       -1466.6975886631344        1469.1616635905589        1545.7350310827853        1618.8344294834471     
   1108.0402010050252       -1631.6470926430638       -1556.4550837689096       -1477.2644791362395        1479.6923746359037        1556.2729609557582        1629.4013199565520     
   1115.5778894472362       -1642.1806181306790       -1566.9908867534500       -1487.8313696093444        1490.2234545679078        1566.8112094959092        1639.9682104296569     
   1123.1155778894472       -1652.7144560488650       -1577.5270510509863       -1498.3982600824488        1500.7548958129080        1577.3497704666315        1650.5351009027613     
   1130.6532663316584       -1663.2486003225217       -1588.0635692935234       -1508.9651505555539        1511.2866910029077        1587.8886377928243        1661.1019913758664     
   1138.1909547738694       -1673.7830450328684       -1598.6004343118070       -1519.5320410286588        1521.8188329686557        1598.4278055557074        1671.6688818489711     
   1145.7286432160804       -1684.3177844124534       -1609.1376391286822       -1530.0989315017632        1532.3513147329938        1608.9672679878283        1682.2357723220757     
   1153.2663316582914       -1694.8528128403568       -1619.6751769527023       -1540.6658219748679        1542.8841295044779        1619.5070194682685        1692.8026627951804     
   1160.8040201005026       -1705.3881248375656       -1630.2130411720032       -1551.2327124479734        1553.4172706712422        1630.0470545180142        1703.3695532682855     
   1168.3417085427136       -1715.9237150625333       -1640.7512253484092       -1561.7996029210774        1563.9507317951122        1640.5873677955183        1713.9364437413899     
   1175.8793969849246       -1726.4595783068949       -1651.2897232117771       -1572.3664933941825        1574.4845066059434        1651.1279540924161        1724.5033342144945     
   1183.4170854271358       -1736.9957094913502       -1661.8285286545547       -1582.9333838672869        1585.0185889961847        1661.6688083294077        1735.0702246875994     
   1190.9547738693468       -1747.5321036616931       -1672.3676357265476       -1593.5002743403916        1595.5529730156413        1672.2099255522867        1745.6371151607041     
   1198.4924623115578       -1758.0687559849869       -1682.9070386298929       -1604.0671648134969        1606.0876528664503        1682.7513009281167        1756.2040056338089     
   1206.0301507537688       -1768.6056617458805       -1693.4467317142182       -1614.6340552866011        1616.6226228982393        1693.2929297415474        1766.7708961069134     
   1213.5678391959800       -1779.1428163430601       -1703.9867094719882       -1625.2009457597060        1627.1578776034726        1703.8348073912630        1777.3377865800185     
   1221.1055276381910       -1789.6802152858193       -1714.5269665340215       -1635.7678362328104        1637.6934116129698        1714.3769293865589        1787.9046770531229     
   1228.6432160804020       -1800.2178541907665       -1725.0674976651799       -1646.3347267059155        1648.2292196915919        1724.9192913440413        1798.4715675262278     
   1236.1809045226130       -1810.7557287786335       -1735.6082977602155       -1656.9016171790199        1658.7652967340903        1735.4618889844460        1809.0384579993324     
   1243.7185929648242       -1821.2938348712119       -1746.1493618397676       -1667.4685076521246        1669.3016377611061        1746.0047181295608        1819.6053484724371     
   1251.2562814070352       -1831.8321683883858       -1756.6906850465166       -1678.0353981252297        1679.8382379153190        1756.5477746992706        1830.1722389455419     
   1258.7939698492462       -1842.3707253452712       -1767.2322626414657       -1688.6022885983346        1690.3750924577316        1767.0910547086928        1840.7391294186464     
   1266.3316582914574       -1852.9095018494615       -1777.7740900003635       -1699.1691790714392        1700.9121967640931        1777.6345542654196        1851.3060198917515     
   1273.8693467336684       -1863.4484940983584       -1788.3161626102612       -1709.7360695445436        1711.4495463214548        1788.1782695668530        1861.8729103648561     
   1281.4070351758794       -1873.9876983765994       -1798.8584760661802       -1720.3029600176487        1721.9871367248372        1798.7221968976301        1872.4398008379610     
   1288.9447236180904       -1884.5271110535723       -1809.4010260679070       -1730.8698504907536        1732.5249636740277        1809.2663326271390        1883.0066913110657     
   1296.4824120603016       -1895.0667285810173       -1819.9438084169037       -1741.4367409638583        1743.0630229704884        1819.8106732071205        1893.5735817841705     
   1304.0201005025126       -1905.6065474907034       -1830.4868190133188       -1752.0036314369627        1753.6013105143663        1830.3552151693432        1904.1404722572752     
   1311.5577889447236       -1916.1465643921897       -1841.0300538531087       -1762.5705219100673        1764.1398223016206        1840.8999551233651        1914.7073627303798     
   1319.0954773869348       -1926.6867759706543       -1851.5735090252595       -1773.1374123831724        1774.6785544212346        1851.4448897543668        1925.2742532034849     
   1326.6331658291458       -1937.2271789848057       -1862.1171807090989       -1783.7043028562769        1785.2175030525373        1861.9900158210546        1935.8411436765894     
   1334.1708542713568       -1947.7677702648500       -1872.6610651717106       -1794.2711933293817        1795.7566644626129        1872.5353301536361        1946.4080341496942     
   1341.7085427135678       -1958.3085467105375       -1883.2051587654269       -1804.8380838024862        1806.2960350037927        1883.0808296518599        1956.9749246227987     
   1349.2462311557790       -1968.8495052892624       -1893.7494579254119       -1815.4049742755915        1816.8356111112412        1893.6265112831209        1967.5418150959038     
   1356.7839195979900       -1979.3906430342363       -1904.2939591673280       -1825.9718647486957        1827.3753893006212        1904.1723720806310        1978.1087055690084     
   1364.3216080402010       -1989.9319570427026       -1914.8386590850728       -1836.5387552217999        1837.9153661658302        1914.7184091416336        1988.6755960421128     
   1371.8592964824120       -2000.4734444742319       -1925.3835543486068       -1847.1056456949057        1848.4555383768270        1925.2646196256992        1999.2424865152177     
   1379.3969849246232       -2011.0151025490509       -1935.9286417018311       -1857.6725361680101        1858.9959026775150        1935.8110007530545        2009.8093769883226     
   1386.9346733668342       -2021.5569285464351       -1946.4739179605592       -1868.2394266411147        1869.5364558837066        1946.3575498029752        2020.3762674614272     
   1394.4723618090452       -2032.0989198031543       -1957.0193800105385       -1878.8063171142194        1880.0771948811496        1956.9042641122312        2030.9431579345319     
   1402.0100502512564       -2042.6410737119570       -1967.5650248055429       -1889.3732075873245        1890.6181166236177        1967.4511410735702        2041.5100484076370     
   1409.5477386934674       -2053.1833877201107       -1978.1108493655295       -1899.9400980604287        1901.1592181310677        1977.9981781342597        2052.0769388807416     
   1417.0854271356784       -2063.7258593279880       -1988.6568507748498       -1910.5069885335336        1911.7004964878520        1988.5453727946733        2062.6438293538463     
   1424.6231155778894       -2074.2684860876889       -1999.2030261805198       -1921.0738790066382        1922.2419488409855        1999.0927226069105        2073.2107198269505     
   1432.1608040201006       -2084.8112656017147       -2009.7493727905512       -1931.6407694797431        1932.7835723984804        2009.6402251734730        2083.7776103000556     
   1439.6984924623116       -2095.3541955216742       -2020.2958878723266       -1942.2076599528480        1943.3253644277188        2020.1878781459695        2094.3445007731602     
   1447.2361809045226       -2105.8972735470402       -2030.8425687510330       -1952.7745504259524        1953.8673222538894        2030.7356792238711        2104.9113912462649     
   1454.7738693467338       -2116.4404974239292       -2041.3894128081440       -1963.3414408990575        1964.4094432584641        2041.2836261532973        2115.4782817193700     
   1462.3115577889448       -2126.9838649439321       -2051.9364174799457       -1973.9083313721619        1974.9517248777286        2051.8317167258365        2126.0451721924746     
   1469.8492462311558       -2137.5273739429699       -2062.4835802561097       -1984.4752218452682        1985.4941646013567        2062.3799487774099        2136.6120626655793     
   1477.3869346733668       -2148.0710223001902       -2073.0308986783148       -1995.0421123183714        1996.0367599710257        2072.9283201871672        2147.1789531386839     
   1484.9246231155780       -2158.6148079368932       -2083.5783703389079       -2005.6090027914759        2006.5795085790830        2083.4768288764067        2157.7458436117890     
   1492.4623115577890       -2169.1587288154897       -2094.1259928796053       -2016.1758932645810        2017.1224080672432        2094.0254728075383        2168.3127340848932     
   1500.0000000000000       -2179.7027829384897       -2104.6737639902321       -2026.7427837376854        2027.6654561253331        2104.5742499830758        2178.8796245579979     
