   0.0000000000000000       -502.19005584716797       -502.19005584716797       -502.19005584716797        301.31403350830078        301.31403350830078        301.31403350830078        301.31403350830078        301.31403350830078     
   7.5376884422110555       -507.55819419714749       -502.32870909261374       -497.02994221518776        290.73315613880675        296.12897327775312        301.45268675374666        306.70711845684792        311.89491087779476     
   15.075376884422111       -513.12622118438549       -502.74438211140944       -492.08609620482792        280.15227876931289        291.16018066882566        301.86835977254219        312.30009204265315        322.47578824728868     
   22.613065326633166       -518.88614034680973       -503.43621770726128       -487.36682947337067        269.57140139981885        286.41596733880095        302.56019536839409        318.08495780364507        333.05666561678271     
   30.150753768844222       -524.83012258137944       -504.40279700328540       -482.88047896890640        258.99052403032499        281.90467023576929        303.52677466441821        324.05388663678229        343.63754298627663     
   37.688442211055275       -530.95052912081530       -505.64215387253466       -478.63535807664886        248.40964666083090        277.63460274494417        304.76613153366748        330.19923977478555        354.21842035577060     
   45.226130653266331       -537.23993009039657       -507.15179466170918       -474.63970252543731        237.82876929133698        273.61400059516512        306.27577232284193        336.51358734293439        364.79929772526458     
   52.763819095477388       -543.69111902115446       -508.92872275334372       -470.90161137720884        227.24789192184301        269.85096284836908        308.05270041447659        342.98972287225990        375.38017509475861     
   60.301507537688444       -550.29712371206506       -510.96946741479633       -467.42898361396510        216.66701455234897        266.35338848655789        310.09344507592914        349.62067416173795        385.96105246425253     
   67.839195979899500       -557.05121383668904       -513.27011630713753       -464.22945104266353        206.08613718285505        263.12890931668881        312.39409396827034        356.39971088492968        396.54192983374651     
   75.376884422110550       -563.94690568193857       -515.82635097545108       -461.31030845042579        195.50525981336108        260.18482012588356        314.95032863658400        363.32034932874637        407.12280720324043     
   82.914572864321613       -570.97796439082788       -518.63348461462988       -458.67844215018079        184.92438244386710        257.52800722707082        317.75746227576286        370.37635463620330        417.70368457273446     
   90.452261306532662       -578.13840405949361       -521.68650140077625       -456.34025824817201        174.34350507437318        255.16487672649481        320.81047906190901        377.56174090343643        428.28456194222844     
   97.989949748743726       -585.42248601334245       -524.98009669594580       -454.30161212635278        163.76262770487915        253.10128400610799        324.10407435707850        384.87076945585312        438.86543931172241     
   105.52763819095478       -592.82471555956738       -528.50871747050292       -452.56774075094370        153.18175033538529        251.34246603213137        327.63269513163573        392.29794560064528        449.44631668121633     
   113.06532663316584       -600.33983748469689       -532.26660233944108       -451.14319948069158        142.60087296589126        249.89297816331185        331.39058000057400        399.83801412434229        460.02719405071025     
   120.60301507537689       -607.96283053737920       -536.24782067299657       -450.03180504411415        132.01999559639728        248.75663712816666        335.37179833412944        407.48595377559241        470.60807142020428     
   128.14070351758795       -615.68890110893358       -540.44631031397410       -449.23658627728986        121.43911822690336        247.93647176277514        339.57028797510685        415.23697094571395        481.18894878969826     
   135.67839195979900       -623.51347629792485       -544.85591351079097       -448.75974406012318        110.85824085740933        247.43468294704090        343.97989117192355        423.08649273327273        491.76982615919223     
   143.21608040201005       -631.43219652046150       -549.47041075302059       -448.60262166240830        100.27736348791541        247.25261395075853        348.59438841415329        431.03015955437689        502.35070352868610     
   150.75376884422110       -639.44090780528984       -554.28355227232601       -448.76568641999603        89.696486118421433        247.39073210977872        353.40752993345870        439.06381743777285        512.93158089818007     
   158.29145728643218       -647.53565389219295       -559.28908704377568       -449.24852331966576        79.115608748927400        247.84862241088081        358.41306470490849        447.18351012324359        523.51245826767411     
   165.82914572864323       -655.71266823368376       -564.48078918886029       -450.04984069704904        68.534731379433481        248.62499318969657        363.60476684999310        455.38547106330185        534.09333563716814     
   173.36683417085428       -663.96836598348364       -569.85248174081858       -451.16748786606041        57.953854009939562        249.71769376014061        368.97645940195116        463.66611541166924        544.67421300666206     
   180.90452261306532       -672.29933604070368       -575.39805778443190       -452.59848412273379        47.372976640445529        251.12374341824633        374.52203544556471        472.02203206745673        555.25509037615609     
   188.44221105527637       -680.70233320586453       -581.11149902591023       -454.33905822219606        36.792099270951560        252.83937091914115        380.23547668704288        480.44997583118538        565.83596774565001     
   195.97989949748745       -689.17427049378819       -586.98689188398271       -456.38469713304369        26.211221901457510        254.86006323142118        386.11086954511552        488.94685971767655        576.41684511514404     
   203.51758793969850       -697.71221163879079       -593.01844122114812       -458.73020264266006        15.630344531963715        257.18062214247021        392.14241888228094        497.50974746124621        586.99772248463785     
   211.05527638190955       -706.31336381939104       -599.20048185479345       -461.36975422892846        5.0494671624696821        259.79522713017104        398.32445951592649        506.13584624041425        597.57859985413188     
   218.59296482412060       -714.97507062274303       -605.52748800227982       -464.29697653155887       -5.5314102070242370        262.69750283423389        404.65146566341264        514.82249964233370        608.15947722362580     
   226.13065326633168       -723.69480526307643       -611.99408082287187       -467.50500974780698       -16.112287576518213        265.88058945191460        411.11805848400456        523.56718088123455        618.74035459311972     
   233.66834170854273       -732.47016406348109       -618.59503422340060       -470.98658133592869       -26.693164946012189        269.33721444146875        417.71901188453359        532.36748628020666        629.32123196261375     
   241.20603015075378       -741.29886020622996       -625.32527909456314       -474.73407752498764       -37.274042315506165        273.05976403196030        424.44925675569584        541.22112902152298        639.90210933210778     
   248.74371859296483       -750.17871775343701       -632.17990614155747       -478.73961328902482       -47.854919685000240        277.04035319742968        431.30388380269011        550.12593316729783        650.48298670160170     
   256.28140703517590       -759.10766593707149       -639.15416746703795       -482.99509963353296       -58.435797054494117        281.27089294337065        438.27814512817076        559.07982794949953        661.06386407109574     
   263.81909547738695       -768.08373371509981       -646.24347705674563       -487.49230724927980       -69.016674423988064        285.74315396054982        445.36745471787833        568.08084232609554        671.64474144058977     
   271.35678391959800       -777.10504458876449       -653.44341030921396       -492.22292580054000       -79.597551793482069        290.44882591324256        452.56738797034677        577.12709979832732        682.22561881008369     
   278.89447236180905       -786.16981167459471       -660.74970274110785       -497.17861832132178       -90.178429162976045        295.37957183545683        459.87368040224061        586.21681348272546        692.80649617957772     
   286.43216080402010       -795.27633302370953       -668.15824798943231       -502.35107038592571       -100.75930653246996        300.52707730149325        467.28222565056512        595.34828143040761        703.38737354907141     
   293.96984924623115       -804.42298718016355       -675.66509522135914       -507.73203389325715       -111.34018390196400        305.88309421025713        474.78907288249195        604.51988218542920        713.96825091856556     
   301.50753768844220       -813.60822896955892       -683.26644605202216       -513.31336545398415       -121.92106127145792        311.43947917241661        482.39042371315503        613.73007057339180        724.54912828805948     
   309.04522613065325       -822.83058550876456       -690.95865106051804       -519.08705949415389       -132.50193864095189        317.18822661401896        490.08262872165062        622.97737371116546        735.13000565755340     
   316.58291457286435       -832.08865242739807       -698.73820598466580       -525.04527628815197       -143.08281601044598        323.12149680944930        497.86218364579872        632.26038722836665        745.71088302704743     
   324.12060301507540       -841.38109029163661       -706.60174766593116       -531.18036520905287       -153.66369337993984        329.23163913178269        505.72572532706391        641.57777169117230        756.29176039654135     
   331.65829145728645       -850.70662122096564       -714.54604980736462       -537.48488353754669       -164.24457074943376        335.51121086170917        513.67002746849766        650.92824921906890        766.87263776603538     
   339.19597989949750       -860.06402568858471       -722.56801859950417       -543.95161120431817       -174.82544811892785        341.95299192991314        521.69199626063687        660.31060028525576        777.45351513552941     
   346.73366834170855       -869.45213949636241       -730.66468826191704       -550.57356185791855       -185.40632548842166        348.54999598494589        529.78866592304985        669.72366069160046        788.03439250502322     
   354.27135678391960       -878.86985091546876       -738.83321654147312       -557.34399065373418       -195.98720285791569        355.29547818219407        537.95719420260593        679.16631870927449        798.61526987451725     
   361.80904522613065       -888.31609798408499       -747.07088020244578       -564.25639915244085       -206.56808022740967        362.18294008233329        546.19485786357859        688.63751237645818        809.19614724401129     
   369.34673366834170       -897.78986595387619       -755.37507053819627       -571.30453770092083       -217.14895759690356        369.20613203224582        554.49904819932920        698.13622694481660        819.77702461350509     
   376.88442211055275       -907.29018487723761       -763.74328892939570       -578.48240564733305       -227.72983496639768        376.35905338009036        562.86726659052852        707.66149246674593        830.35790198299924     
   384.42211055276385       -916.81612732765382       -772.17314246950241       -585.78424971678419       -238.31071233589148        383.63595085097415        571.29712013063522        717.21238151572970        840.93877935249304     
   391.95979899497490       -926.36680624583255       -780.66233967445089       -593.20456084651209       -248.89158970538554        391.03131538213461        579.78631733558370        726.78800703247623        851.51965672198719     
   399.49748743718595       -935.94137290463448       -789.20868629023437       -600.73806975095613       -259.47246707487943        398.53987768801090        588.33266395136718        736.38752028984538        862.10053409148111     
   407.03517587939700       -945.53901498612890       -797.81008120917011       -608.37974145858243       -270.05334444437335        406.15660279706992        596.93405887030292        746.01010896990726        872.68141146097491     
   414.57286432160805       -955.15895476446076       -806.46451250315249       -616.12476903460924       -280.63422181386750        413.87668377452917        605.58849016428519        755.65499534680623        883.26228883046906     
   422.11055276381910       -964.80044738851939       -815.17005358004042       -623.96856667740440       -291.21509918336147        421.69553481875658        614.29403124117323        765.32143456943231        893.84316619996298     
   429.64824120603015       -974.46277925872596       -823.92485946746888       -631.90676235165279       -301.79597655285545        429.60878389443769        623.04883712860169        775.00871303820713        904.42404356945701     
   437.18592964824120       -984.14526649255583       -832.72716322679696       -639.93519009866452       -312.37685392234920        437.61226504288192        631.85114088792989        784.71614687060412        915.00492093895082     
   444.72361809045225       -993.84725347370409       -841.57527249856275       -648.04988214348430       -322.95773129184340        445.70201048913407        640.69925015969534        794.44308045031994        925.58579830844485     
   452.26130653266335       -1003.5681114800965       -850.46756617968276       -656.24706089984193       -333.53860866133721        453.87424264692430        649.59154384081558        804.18888505527991        936.16667567793877     
   459.79899497487440       -1013.3072373861989       -859.40249123169838       -664.52313095735713       -344.11948603083130        462.12536610587193        658.52646889283119        813.95295755994971        946.74755304743292     
   467.33668341708545       -1023.0640524353544       -868.37855961858054       -672.87467112072727       -354.70036340032516        470.45195967067457        667.50253727971358        823.73471920767270        957.32843041692672     
   474.87437185929650       -1032.8380010781120       -877.39434537197485       -681.29842655775030       -365.28124076981931        478.85076850913003        676.51832303310732        833.53361444899804        967.90930778642087     
   482.41206030150755       -1042.6285498727484       -886.44848178124789       -689.79130110182314       -375.86211813931322        487.31869645463536        685.57245944238082        843.34910984220198        978.49018515591467     
   489.94974874371860       -1052.4351864444025       -895.53965870529578       -698.35034974488678       -386.44299550880703        495.85279849913161        694.66363636642859        853.18069301242326        989.07106252540859     
   497.48743718592965       -1062.2574184994576       -904.66662000274277       -706.97277134847513       -397.02387287830118        504.45027350415216        703.79059766387547        863.02787166604594        999.65193989490263     
   505.02512562814070       -1072.0947728919994       -913.82816107694191       -715.65590159345879       -407.60475024779521        513.10845715056848        712.95213873807484        872.89017265715529        1010.2328172643967     
   512.56281407035181       -1081.9467947393662       -923.02312653199510       -724.39720618310571       -418.18562761728901        521.82481514164795        722.14710419312792        882.76714110308956        1020.8136946338906     
   520.10050251256280       -1091.8130465839879       -932.25040793591586       -733.19427430904705       -428.76650498678288        530.59693666902183        731.37438559704856        892.65833954627885        1031.3945720033844     
   527.63819095477390       -1101.6931075988741       -941.50894168697448       -742.04481238557764       -439.34738235627697        539.42252814698509        740.63291934810741        902.56334715973230        1041.9754493728788     
   535.17587939698490       -1111.5865728342667       -950.79770697925119       -750.94663805426740       -449.92825972577077        548.29940721710727        749.92168464038411        912.48175899369232        1052.5563267423724     
   542.71356783919600       -1121.4930525031295       -960.11572386342345       -759.89767445805501       -460.50913709526503        557.22549702232709        759.23970152455638        922.41318526112275        1063.1372041118666     
   550.25125628140700       -1131.4121713032746       -969.46205139884864       -768.89594478171557       -471.09001446475884        566.19882074742031        768.58602905998146        932.35725065983524        1073.7180814813603     
   557.78894472361810       -1141.3435677740633       -978.83578589306239       -777.93956705380128       -481.67089183425293        575.21749642093846        777.95976355419532        942.31359372919178        1084.2989588508547     
   565.32663316582921       -1151.2868936857444       -988.23605922488616       -787.02674920373090       -492.25176920374679        584.27973197230051        787.36003688601897        952.28186623944077        1094.8798362203484     
   572.86432160804020       -1161.2418134596005       -997.66203724742536       -796.15578436663134       -502.83264657324071        593.38382053663361        796.78601490855806        962.26173261186375        1105.4607135898420     
   580.40201005025131       -1171.2080036171888       -1007.1129182673478       -805.32504642773768       -513.41352394273463        602.52813599917249        806.23689592848041        972.25286936801967        1116.0415909593364     
   587.93969849246230       -1181.1851522570632       -1016.5879315969274       -814.53298579758416       -523.99440131222877        611.71112877045130        815.71190925806025        982.25496460646207        1126.6224683288303     
   595.47738693467340       -1191.1729585574585       -1026.0863361754675       -823.77812540885930       -534.57527868172281        620.93132178315886        825.21031383660056        992.26771750542503        1137.2033456983243     
   603.01507537688440       -1201.1711323035061       -1035.6074192568294       -833.05905692557587       -545.15615605121661        630.18730670130799        834.73139691796234        1002.2908378500392        1147.7842230678182     
   610.55276381909550       -1211.1793934376406       -1045.1504951599150       -842.37443715513541       -555.73703342071065        639.47774033229985        844.27447282104788        1012.3240455827420        1158.3651004373121     
   618.09045226130650       -1221.1974716319378       -1054.7149040790766       -851.72298465388462       -566.31791079020468        648.80134123248195        853.83888174020922        1022.3670703756061        1168.9459778068060     
   625.62814070351760       -1231.2251058811771       -1064.3000109515497       -861.10347651687164       -576.89878815969860        658.15688649690139        863.42398861268271        1032.4196512234128        1179.5268551763004     
   633.16582914572871       -1241.2620441155293       -1073.9052043791271       -870.51474534268846       -587.47966552919252        667.54320872415065        873.02918204025991        1042.4815360563330        1190.1077325457941     
   640.70351758793970       -1251.3080428318037       -1083.5298956014124       -879.95567636451392       -598.06054289868644        676.95919314740831        882.65387326254518        1052.5524813711745        1200.6886099152880     
   648.24120603015081       -1261.3628667422556       -1093.1735175181088       -889.42520473872969       -608.64142026818047        686.40377492305663        892.29749517924142        1062.6322518801942        1211.2694872847819     
   655.77889447236180       -1271.4262884400346       -1102.8355237579187       -898.92231298278887       -619.22229763767427        695.87593656854847        901.95950141905166        1072.7206201765409        1221.8503646542758     
   663.31658291457290       -1281.4980880803807       -1112.5153877917382       -908.44602855432436       -629.80317500716831        705.37470554151662        911.63936545287095        1082.8173664154547        1232.4312420237700     
   670.85427135678390       -1291.5780530767379       -1122.2126020879350       -917.99542156380926       -640.38405237666211        714.89915195243384        921.33657974906794        1092.9222780103794        1243.0121193932637     
   678.39195979899500       -1301.6659778110106       -1131.9266773076213       -927.56960261342590       -650.96492974615637        724.44838640348314        931.05065496875386        1103.0351493432190        1253.5929967627580     
   685.92964824120600       -1311.7616633572143       -1141.6571415379092       -937.16772075513018       -661.54580711565029        734.02155794661985        940.78111919904177        1113.1557814879902        1264.1738741322517     
   693.46733668341710       -1321.8649172178368       -1151.4035395612609       -946.78896156123210       -672.12668448514421        743.61785215415421        950.52751722239373        1123.2839819471801        1274.7547515017457     
   701.00502512562821       -1331.9755530722409       -1161.1654321591157       -956.43254530114996       -682.70756185463824        753.23648929550461        960.28940982024847        1133.4195644001525        1285.3356288712400     
   708.54271356783920       -1342.0933905365023       -1170.9423954480842       -966.09772521831849       -693.28843922413216        762.87672261410557        970.06637310921724        1143.5623484629809        1295.9165062407337     
   716.08040201005031       -1352.2182549340832       -1180.7340202470775       -975.78378590153909       -703.86931659362619        772.53783669875861        979.85799790821034        1153.7121594591295        1306.4973836102276     
   723.61809045226130       -1362.3499770768103       -1190.5399114738216       -985.49004174538027       -714.45019396312011        782.21914594403233        989.66388913495450        1163.8688282004241        1317.0782609797218     
   731.15577889447241       -1372.4883930556155       -1200.3596875692906       -995.21583549451725       -725.03107133261426        791.91999309460175        999.48366523042409        1174.0321907777964        1327.6591383492157     
   738.69346733668340       -1382.6333440405615       -1210.1929799486629       -1004.9605368671855       -735.61194870210795        801.63974786870256        1009.3169576097953        1184.2020883613106        1338.2400157187094     
   746.23115577889450       -1392.7846760896875       -1220.0394324774743       -1014.7235412532073       -746.19282607160210        811.37780565615685        1019.1634101386070        1194.3783670090033        1348.8208930882035     
   753.76884422110550       -1402.9422399662215       -1229.8987009717221       -1024.5042684822824       -756.77370344109590        821.13358628666435        1029.0226786328549        1204.5608774841055        1359.4017704576977     
   761.30653266331660       -1413.1058909637700       -1239.7704527207227       -1034.3021616585092       -767.35458081058982        830.90653286432371        1038.8944303818555        1214.7494750802211        1369.9826478271914     
   768.84422110552771       -1423.2754887390636       -1249.6543660315899       -1044.1166860573153       -777.93545818008363        840.69611066456241        1048.7783436927232        1224.9440194540816        1380.5635251966853     
   776.38190954773870       -1433.4508971519135       -1259.5501297942815       -1053.9473280812094       -788.51633554957812        850.50180608988876        1058.6741074554143        1235.1443744654994        1391.1444025661797     
   783.91959798994981       -1443.6319841120126       -1269.4574430661773       -1063.7935942709737       -799.09721291907192        860.32312568108568        1068.5814207273102        1245.3504080241669        1401.7252799356736     
   791.45728643216080       -1453.8186214322538       -1279.3760146752452       -1073.6550103691145       -809.67809028856561        870.15959518065893        1078.4999923363780        1255.5619919429746        1412.3061573051671     
   798.99497487437191       -1464.0106846882493       -1289.3055628408697       -1083.5311204325794       -820.25896765805953        880.01075864555662        1088.4295405020025        1265.7790017975383        1422.8870346746614     
   806.53266331658290       -1474.2080530837625       -1299.2458148114854       -1093.4214859919225       -830.83984502755379        889.87617760633191        1098.3697924726182        1276.0013167916190        1433.4679120441554     
   814.07035175879400       -1484.4106093217574       -1309.1965065181973       -1103.3256852542725       -841.42072239704737        899.75543027011463        1108.3204841793306        1286.2288196281806        1444.0487894136490     
   821.60804020100500       -1494.6182394808068       -1319.1573822436017       -1113.2433123476069       -852.00159976654186        909.64811076488127        1118.2813599047347        1296.4613963857980        1454.6296667831432     
   829.14572864321610       -1504.8308328966104       -1329.1281943050790       -1123.1739766040014       -862.58247713603578        919.55382842270853        1128.2521719662116        1306.6989364001688        1465.2105441526373     
   836.68341708542721       -1515.0482820483724       -1339.1087027518563       -1133.1173018796374       -873.16335450552970        929.47220709977637        1138.2326804129891        1316.9413321504985        1475.7914215221313     
   844.22110552763820       -1525.2704824498210       -1349.0986750751761       -1143.0729259095058       -883.74423187502373        939.40288453107701        1148.2226527363086        1327.1884791505149        1486.3722988916252     
   851.75879396984931       -1535.4973325446499       -1359.0978859309446       -1153.0404996948605       -894.32510924451742        949.34551171786507        1158.2218635920774        1337.4402758439110        1496.9531762611191     
   859.29648241206030       -1545.7287336061802       -1369.1061168742615       -1163.0196869215865       -904.90598661401168        959.29975234602352        1168.2300945353945        1347.6966235040093        1507.5340536306132     
   866.83417085427141       -1555.9645896410484       -1379.1231561052668       -1173.0101634077562       -915.48686398350583        969.26528223362538        1178.2471337663992        1357.9574261374446        1518.1149310001072     
   874.37185929648240       -1566.2048072967327       -1389.1487982257649       -1183.0116165787649       -926.06774135299918        979.24178880606667        1188.2727758868973        1368.2225903916965        1528.6958083696009     
   881.90954773869350       -1576.4492957727527       -1399.1828440061258       -1193.0237449685146       -936.64861872249332        989.22897059724880        1198.3068216672584        1378.4920254662841        1539.2766857390950     
   889.44723618090450       -1586.6979667353648       -1409.2251001619657       -1203.0462577452104       -947.22949609198736        999.22653677537733        1208.3490778230985        1388.7656430274640        1549.8575631085889     
   896.98492462311560       -1596.9507342356080       -1419.2753791401649       -1213.0788742604304       -957.81037346148150        1009.2342066920296        1218.3993568012979        1399.0433571262743        1560.4384404780831     
   904.52261306532671       -1607.2075146305388       -1429.3334989137741       -1223.1213236201884       -968.39125083097520        1019.2517094532202        1228.4574765749071        1409.3250841197723        1571.0193178475768     
   912.06030150753770       -1617.4682265075235       -1439.3992827854020       -1233.1733442768048       -978.97212820046957        1029.2787835112690        1238.5232604465348        1419.6107425953246        1581.6001952170709     
   919.59798994974881       -1627.7327906114499       -1449.4725591986953       -1243.2346836404570       -989.55300556996337        1039.3151762763537        1248.5965368598283        1429.9002532978188        1592.1810725865651     
   927.13567839195980       -1638.0011297747242       -1459.5531615575305       -1253.3050977093499       -1000.1338829394570        1049.3606437466797        1258.6771392186636        1440.1935390596605        1602.7619499560587     
   934.67336683417091       -1648.2731688499384       -1469.6409280525691       -1263.3843507175141       -1010.7147603089511        1059.4149501562756        1268.7649057137019        1450.4905247334423        1613.3428273255527     
   942.21105527638190       -1658.5488346450913       -1479.7357014948370       -1273.4722147992845       -1021.2956376784452        1069.4778676394792        1278.8596791559701        1460.7911371271630        1623.9237046950468     
   949.74874371859300       -1668.8280558612496       -1489.8373291560165       -1283.5684696695907       -1031.8765150479394        1079.5491759112176        1288.9613068171495        1471.0953049418883        1634.5045820645410     
   957.28643216080400       -1679.1107630325412       -1499.9456626151311       -1293.6729023192024       -1042.4573924174329        1089.6286619622617        1299.0696402762637        1481.4029587117475        1645.0854594340344     
   964.82412060301510       -1689.3968884683948       -1510.0605576113535       -1303.7853067241715       -1053.0382697869270        1099.7161197686637        1309.1845352724863        1491.7140307461686        1655.6663368035286     
   972.36180904522621       -1699.6863661979110       -1520.1818739026505       -1313.9054835687061       -1063.6191471564214        1109.8113500146308        1319.3058515637833        1502.0284550742522        1666.2472141730229     
   979.89949748743720       -1709.9791319162882       -1530.3094751300052       -1324.0332399807942       -1074.2000245259148        1119.9141598281510        1329.4334527911381        1512.3461673911972        1676.8280915425164     
   987.43718592964831       -1720.2751229332143       -1540.4432286869753       -1334.1683892799115       -1084.7809018954085        1130.0243625287007        1339.5672063481081        1522.6671050066914        1687.4089689120103     
   994.97487437185930       -1730.5742781231363       -1550.5830055943422       -1344.3107507361929       -1095.3617792649027        1140.1417773864148        1349.7069832554751        1532.9912067951805        1697.9898462815045     
   1002.5125628140704       -1740.8765378773346       -1560.7286803796344       -1354.4601493404864       -1105.9426566343973        1150.2662293921410        1359.8526580407674        1543.3184131479456        1708.5707236509986     
   1010.0502512562814       -1751.1818440577263       -1570.8801309613059       -1364.6164155847257       -1116.5235340038910        1160.3975490378120        1370.0041086224385        1553.6486659269053        1719.1516010204925     
   1017.5879396984925       -1761.4901399523278       -1581.0372385373710       -1374.7793852521095       -1127.1044113733849        1170.5355721066289        1380.1612161985036        1563.9819084200747        1729.7324783899865     
   1025.1256281407036       -1771.8013702323024       -1591.1998874783005       -1384.9488992165916       -1137.6852887428788        1180.6801394725430        1390.3238651394336        1574.3180852986161        1740.3133557594804     
   1032.6633165829146       -1782.1154809105324       -1601.3679652239907       -1395.1248032512071       -1148.2661661123730        1190.8310969085912        1400.4919428851238        1584.6571425754137        1750.8942331289745     
   1040.2010050251256       -1792.4324193016589       -1611.5413621846371       -1405.3069478448108       -1158.8470434818669        1200.9882949036273        1410.6653398457699        1594.9990275651080        1761.4751104984682     
   1047.7386934673368       -1802.7521339835178       -1621.7199716453415       -1415.4951880267943       -1169.4279208513606        1211.1515884870432        1420.8439493064743        1605.3436888455349        1772.0559878679624     
   1055.2763819095478       -1813.0745747599283       -1631.9036896742925       -1425.6893831994005       -1180.0087982208545        1221.3208370610819        1431.0276673354251        1615.6910762205123        1782.6368652374563     
   1062.8140703517588       -1823.3996926247682       -1642.0924150343703       -1435.8893969772600       -1190.5896755903489        1231.4959042403739        1441.2163926955036        1626.0411406839198        1793.2177426069502     
   1070.3517587939698       -1833.7274397272977       -1652.2860490980322       -1446.0950970337933       -1201.1705529598428        1241.6766576983400        1451.4100267591650        1636.3938343850168        1803.7986199764441     
   1077.8894472361810       -1844.0577693386697       -1662.4844957653343       -1456.3063549541539       -1211.7514303293367        1251.8629690201328        1461.6084734264671        1646.7491105949562        1814.3794973459383     
   1085.4271356783920       -1854.3906358195873       -1672.6876613849647       -1466.5230460943858       -1222.3323076988306        1262.0547135617981        1471.8116390460978        1657.1069236744413        1824.9603747154322     
   1092.9648241206030       -1864.7259945890635       -1682.8954546781656       -1476.7450494465149       -1232.9131850683245        1272.2517703153590        1482.0194323392984        1667.4672290424846        1835.5412520849261     
   1100.5025125628140       -1875.0638020942342       -1693.1077866654098       -1486.9722475092688       -1243.4940624378182        1282.4540217795454        1492.2317643265426        1677.8299831462225        1846.1221294544198     
   1108.0402010050252       -1885.4040157811914       -1703.3245705957388       -1497.2045261641792       -1254.0749398073126        1292.6613538358883        1502.4485482568712        1688.1951434317480        1856.7030068239139     
   1115.5778894472362       -1895.7465940667907       -1713.5457218786321       -1507.4417745567973       -1264.6558171768065        1302.8736556299391        1512.6696995397649        1698.5626683159144        1867.2838841934083     
   1123.1155778894472       -1906.0914963114005       -1723.7711580183259       -1517.6838849827950       -1275.2366945463004        1313.0908194573692        1522.8951356794589        1708.9325171590926        1877.8647615629018     
   1130.6532663316584       -1916.4386827925550       -1734.0007985504592       -1527.9307527787114       -1285.8175719157944        1323.3127406547178        1533.1247762115918        1719.3046502388142        1888.4456389323959     
   1138.1909547738694       -1926.7881146794707       -1744.2345649809702       -1538.1822762171380       -1296.3984492852885        1333.5393174945773        1543.3585426421027        1729.6790287242970        1899.0265163018901     
   1145.7286432160804       -1937.1397540084074       -1754.4723807271471       -1548.4383564061377       -1306.9793266547824        1343.7704510850092        1553.5963583882799        1740.0556146518013        1909.6073936713838     
   1153.2663316582914       -1947.4935636588307       -1764.7141710607430       -1558.6988971926964       -1317.5602040242761        1354.0060452730006        1563.8381487218758        1750.4343709007921        1920.1882710408777     
   1160.8040201005026       -1957.8495073303450       -1774.9598630530768       -1568.9638050700294       -1328.1410813937698        1364.2460065517662        1574.0838407142094        1760.8152611708747        1930.7691484103718     
   1168.3417085427136       -1968.2075495203801       -1785.2093855220394       -1579.2329890885619       -1338.7219587632644        1374.4902439717312        1584.3333631831720        1771.1982499594769        1941.3500257798660     
   1175.8793969849246       -1978.5676555025866       -1795.4626689809334       -1589.5063607704301       -1349.3028361327581        1384.7386690550316        1594.5866466420664        1781.5833025402508        1951.9309031493599     
   1183.4170854271358       -1988.9297913059318       -1805.7196455890676       -1599.7838340273238       -1359.8837135022520        1394.9911957133581        1604.8436232502004        1791.9703849421635        1962.5117805188536     
   1190.9547738693468       -1999.2939236944542       -1815.9802491040423       -1610.0653250815412       -1370.4645908717464        1405.2477401690076        1615.1042267651749        1802.3594639292530        1973.0926578883477     
   1198.4924623115578       -2009.6600201476645       -1826.2444148356599       -1620.3507523901035       -1381.0454682412403        1415.5082208790020        1625.3683924967925        1812.7505069810304        1983.6735352578419     
   1206.0301507537688       -2020.0280488415610       -1836.5120796013946       -1630.6400365717921       -1391.6263456107340        1425.7725584621239        1635.6360572625272        1823.1434822734955        1994.2544126273356     
   1213.5678391959800       -2030.3979786302466       -1846.7831816833645       -1640.9331003369898       -1402.2072229802284        1436.0406756287541        1645.9071593444978        1833.5383586607481        2004.8352899968299     
   1221.1055276381910       -2040.7697790281120       -1857.0576607867436       -1651.2298684201901       -1412.7881003497218        1446.3124971133866        1656.1816384478768        1843.9351056571813        2015.4161673663234     
   1228.6432160804020       -2051.1434201925795       -1867.3354579995641       -1661.5302675150688       -1423.3689777192158        1456.5879496096977        1666.4594356606972        1854.3336934202162        2025.9970447358176     
   1236.1809045226130       -2061.5188729073766       -1877.6165157538514       -1671.8342262120029       -1433.9498550887095        1466.8669617080645        1676.7404934149843        1864.7340927335808        2036.5779221053115     
   1243.7185929648242       -2071.8961085663277       -1887.9007777880454       -1682.1416749379332       -1444.5307324582038        1477.1494638354272        1687.0247554491789        1875.1362749910991        2047.1587994748056     
   1251.2562814070352       -2082.2750991576377       -1898.1881891106566       -1692.4525458984670       -1455.1116098276980        1487.4353881973934        1697.3121667717894        1885.5402121809775        2057.7396768443000     
   1258.7939698492462       -2092.6558172486621       -1908.4786959651090       -1702.7667730221276       -1465.6924871971919        1497.7246687224865        1707.6026736262420        1895.9458768705686        2068.3205542137930     
   1266.3316582914574       -2103.0382359711325       -1918.7722457957339       -1713.0842919066638       -1476.2733645666858        1508.0172410084549        1717.8962234568669        1906.3532421916063        2078.9014315832874     
   1273.8693467336684       -2113.4223290068267       -1929.0687872148590       -1723.4050397673209       -1486.8542419361793        1518.3130422705453        1728.1927648759918        1916.7622818258685        2089.4823089527818     
   1281.4070351758794       -2123.8080705736843       -1939.3682699709616       -1733.7289553870064       -1497.4351193056739        1528.6120112916628        1738.4922476320946        1927.1729699912937        2100.0631863222752     
   1288.9447236180904       -2134.1954354123172       -1949.6706449178480       -1744.0559790682582       -1508.0159966751676        1538.9140883743466        1748.7946225789806        1937.5852814284935        2110.6440636917691     
   1296.4824120603016       -2144.5843987729354       -1959.9758639848101       -1754.3860525869450       -1518.5968740446617        1549.2192152944663        1759.0998416459431        1947.9991913876797        2121.2249410612631     
   1304.0201005025126       -2154.9749364026575       -1970.2838801477367       -1764.7191191476338       -1529.1777514141561        1559.5273352565873        1769.4078578088693        1958.4146756159689        2131.8058184307574     
   1311.5577889447236       -2165.3670245331941       -1980.5946474011353       -1775.0551233405463       -1539.7586287836491        1569.8383928509327        1779.7186250622681        1968.8317103450736        2142.3866958002509     
   1319.0954773869348       -2175.7606398688949       -1990.9081207310408       -1785.3940111000413       -1550.3395061531432        1580.1523340118604        1790.0320983921736        1979.2502722793417        2152.9675731697448     
   1326.6331658291458       -2186.1557595751415       -2001.2242560887626       -1795.7357296645678       -1560.9203835226374        1590.4691059778193        1800.3482337498958        1989.6703385841561        2163.5484505392392     
   1334.1708542713568       -2196.5523612670822       -2011.5430103654624       -1806.0802275380215       -1571.5012608921315        1600.7886572527057        1810.6669880265954        2000.0918868746639        2174.1293279087331     
   1341.7085427135678       -2206.9504229986915       -2021.8643413675143       -1816.4274544524537       -1582.0821382616255        1611.1109375685701        1820.9883190286466        2010.5148952048412        2184.7102052782266     
   1349.2462311557790       -2217.3499232521458       -2032.1882077926296       -1826.7773613320735       -1592.6630156311198        1621.4358978496221        1831.3121854537621        2020.9393420568631        2195.2910826477209     
   1356.7839195979900       -2227.7508409275015       -2042.5145692067138       -1837.1299002584938       -1603.2438930006133        1631.7634901774754        1841.6385468678463        2031.3652063307859        2205.8719600172153     
   1364.3216080402010       -2238.1531553326699       -2052.8433860214345       -1847.4850244371796       -1613.8247703701063        1642.0936677575933        1851.9673636825671        2041.7924673345219        2216.4528373867083     
   1371.8592964824120       -2248.5568461736802       -2063.1746194724719       -1857.8426881650337       -1624.4056477396011        1652.4263848868798        1862.2985971336057        2052.2211047740993        2227.0337147562027     
   1379.3969849246232       -2258.9618935452118       -2073.5082315984309       -1868.2028467990922       -1634.9865251090955        1662.7615969223712        1872.6322092595642        2062.6510987441989        2237.6145921256971     
   1386.9346733668342       -2269.3682779213996       -2083.8441852203841       -1878.5654567262789       -1645.5674024785894        1673.0992602509903        1882.9681628815172        2073.0824297189538        2248.1954694951905     
   1394.4723618090452       -2279.7759801468928       -2094.1824439220391       -1888.9304753341771       -1656.1482798480827        1683.4393322603210        1893.3064215831716        2083.5150785430151        2258.7763468646849     
   1402.0100502512564       -2290.1849814281695       -2104.5229720304915       -1899.2978609827819       -1666.7291572175768        1693.7817713103580        1903.6469496916241        2093.9490264228598        2269.3572242341793     
   1409.5477386934674       -2300.5952633250840       -2114.8657345975562       -1909.6675729771919       -1677.3100345870710        1704.1265367062003        1913.9897122586892        2104.3842549183410        2279.9381016036723     
   1417.0854271356784       -2311.0068077426563       -2125.2106973816490       -1920.0395715412105       -1687.8909119565656        1714.4735886716517        1924.3346750427822        2114.8207459344803        2290.5189789731667     
   1424.6231155778894       -2321.4195969230850       -2135.5578268302052       -1930.4138177918148       -1698.4717893260590        1724.8228883236882        1934.6818044913387        2125.2584817134771        2301.0998563426606     
   1432.1608040201006       -2331.8336134379801       -2145.9070900626148       -1940.7902737144645       -1709.0526666955534        1735.1743976477708        1945.0310677237476        2135.6974448269393        2311.6807337121545     
   1439.6984924623116       -2342.2488401808064       -2156.2584548536543       -1951.1689021392172       -1719.6335440650471        1745.5280794739563        1955.3824325147868        2146.1376181683322        2322.2616110816489     
   1447.2361809045226       -2352.6652603595317       -2166.6118896174044       -1961.5496667176189       -1730.2144214345410        1755.8838974537898        1965.7358672785376        2156.5789849456269        2332.8424884511428     
   1454.7738693467338       -2363.0828574894854       -2176.9673633916359       -1971.9325319003440       -1740.7952988040354        1766.2418160379480        1976.0913410527689        2167.0215286741477        2343.4233658206367     
   1462.3115577889448       -2373.5016153863899       -2187.3248458226376       -1982.3174629155524       -1751.3761761735291        1776.6018004545886        1986.4488234837702        2177.4652331696193        2354.0042431901306     
   1469.8492462311558       -2383.9215181595960       -2197.6843071504900       -1992.7044257479420       -1761.9570535430234        1786.9638166884104        1996.8082848116223        2187.9100825413930        2364.5851205596250     
   1477.3869346733668       -2394.3425502054929       -2208.0457181947545       -2003.0933871184641       -1772.5379309125165        1797.3278314603654        2007.1696958558871        2198.3560611858566        2375.1659979291180     
   1484.9246231155780       -2404.7646962010949       -2218.4090503405750       -2013.4843144646925       -1783.1188082820104        1807.6938122080264        2017.5330280017079        2208.8031537800271        2385.7468752986124     
   1492.4623115577890       -2415.1879410977967       -2228.7742755251670       -2023.8771759217952       -1793.6996856515052        1818.0617270665612        2027.8982531862998        2219.2513452752964        2396.3277526681063     
   1500.0000000000000       -2425.6122701152963       -2239.1413662246950       -2034.2719403041201       -1804.2805630209982        1828.4315448503185        2038.2653438858279        2229.7006208913645        2406.9086300376002     
