   0.0000000000000000       -502.19005584716797       -502.19005584716797       -502.19005584716797        301.31403350830078        301.31403350830078        301.31403350830078        301.31403350830078        301.31403350830078     
   25.641025641025642       -521.25220851865038       -503.79158419506081       -485.53616301069803        265.32096348215890        284.57527959294305        302.91556185619356        320.46104725867087        337.30710353444266     
   51.282051282051285       -542.41049480103493       -508.55846309746295       -471.61573199017846        229.32789345601708        270.56998749353568        307.68244075859576        341.70419461994339        373.30017356058454     
   76.923076923076920       -565.37833799680834       -516.38187833294546       -460.74680083439341        193.33482342987520        259.61619525886294        315.50585599407833        364.75689889460449        409.29324358672642     
   102.56410256410257       -589.90068416197244       -527.09372356472636       -453.21276939226061        157.34175340373326        251.99730273784229        326.21770122585929        389.36410613865615        445.28631361286830     
   128.20512820512820       -615.75536681689186       -540.48311357114403       -449.23115921975386        121.34868337759144        247.93083148644780        339.60709123227684        415.30364987246355        481.27938363901018     
   153.84615384615384       -642.75163978006992       -556.31418549260229       -448.92514332115758        85.355613351449563        247.53995450896377        355.43816315373510        442.38478391452912        517.27245366515206     
   179.48717948717947       -670.72723450376202       -574.34230469601016       -452.30565066105908        49.362543325307684        250.83560076997748        373.46628235714303        470.44523971710925        553.26552369129388     
   205.12820512820514       -699.54484667561587       -594.32693741694379       -459.26971557956654        13.369473299165747        257.71480460959719        393.45091507807672        499.34771296785078        589.25859371743582     
   230.76923076923077       -729.08859155342293       -616.04063185372843       -469.61562240032663       -22.623596726976075        267.97585035146955        415.16460951486124        528.97631892454569        625.25166374357775     
   256.41025641025641       -759.26071262102755       -639.27439856611488       -483.06996788702401       -58.616666753117954        281.34533475927918        438.39837622724781        559.23330107103777        661.24473376971957     
   282.05128205128204       -789.97866741806990       -663.84021319610235       -499.31895522154844       -94.609736779259777        297.50946101491587        462.96419085723528        590.03611694696804        697.23780379586140     
   307.69230769230768       -821.17262140214370       -689.57146723341532       -518.03694336543469       -130.60280680540166        316.14258807991439        488.69544489454813        621.31493200992986        733.23087382200322     
   333.33333333333331       -852.78333176720389       -716.32210399768906       -538.90816573635971       -166.59587683154353        336.92894937195160        515.44608165882164        653.01050345387785        769.22394384814515     
   358.97435897435895       -884.76038081969773       -743.96501253260396       -561.64060612962453       -202.58894685768541        359.57652868632869        543.08899019373678        685.07241358525926        805.21701387428698     
   384.61538461538464       -917.06071123189713       -772.39008245700995       -585.97305724474859       -238.58201688382724        383.82411872256506        571.51406011814277        717.45760507634645        841.21008390042880     
   410.25641025641028       -949.64741608981228       -801.50218060861812       -611.67720752828984       -274.57508690996923        409.44340792721840        600.62615826975093        750.12917101314929        877.20315392657085     
   435.89743589743591       -982.48874093593440       -831.21920425997996       -638.55658932552114       -310.56815693611100        436.23792864556191        630.34318192111289        783.05535693815921        913.19622395271256     
   461.53846153846155       -1015.5572606426222       -861.47029275664102       -666.44383206918087       -346.56122696225293        464.04031031033384        660.59427041777371        816.20873772373500        949.18929397885449     
   487.17948717948718       -1048.8291997219978       -892.19423249037663       -695.19720560450082       -382.55429698839464        492.70882276676627        691.31821015150945        849.56553788199858        985.18236400499620     
   512.82051282051282       -1082.2838700037946       -923.33806179685030       -724.69705338941230       -418.54736701453658        522.12380947278996        722.46203945798311        883.10506924268248        1021.1754340311383     
   538.46153846153845       -1115.9032042664039       -954.85586654488804       -754.84244020578262       -454.54043704067851        552.18433521027271        753.97984420602097        916.80926458417969        1057.1685040572800     
   564.10256410256409       -1149.6713683444727       -986.70774933371081       -785.54816252118553       -490.53350706682033        582.80519644678759        785.83172699484373        950.66228974113596        1093.1615740834220     
   589.74358974358972       -1183.5744375031520       -1018.8589522017910       -816.74216586746616       -526.52657709296227        613.91433871418042        817.98292986292381        984.65021997870372        1129.1546441095638     
   615.38461538461536       -1217.6001255450972       -1051.2791125146296       -848.36335790076998       -562.51964711910409        645.45066966859667        850.40309017576249        1018.7607690995367        1165.1477141357057     
   641.02564102564099       -1251.7375572911410       -1083.9416329357841       -880.35977951818381       -598.51271714524592        677.36223020712237        883.06561059691671        1052.9830619244678        1201.1407841618475     
   666.66666666666663       -1285.9770768348462       -1116.8231483036359       -912.68708695125258       -634.50578717138774        709.60467656130379        915.94712596476893        1087.3074425470606        1237.1338541879895     
   692.30769230769226       -1320.3100853906326       -1149.9030743738708       -945.30729726364041       -670.49885719752979        742.14002579480348        949.02705203500363        1121.7253121817355        1273.1269242141313     
   717.94871794871790       -1354.7289036994782       -1183.1632254900733       -978.18775349158659       -706.49192722367161        774.93562094386232        982.28720315120574        1156.2289915694685        1309.1199942402732     
   743.58974358974353       -1389.2266548787734       -1216.5874901838954       -1011.3002711655932       -742.48499724981309        807.96327753898095        1015.7114678450282        1190.8116038276512        1345.1130642664148     
   769.23076923076928       -1423.7971643475212       -1250.1615554279808       -1044.6204337552444       -778.47806727595537        841.19857904974424        1049.2855330891136        1225.4669743752866        1381.1061342925568     
   794.87179487179492       -1458.4348740599503       -1283.8726717570873       -1078.1270100135018       -814.47113730209742        874.62029422911405        1082.9966494182204        1260.1895451666037        1417.0992043186989     
   820.51282051282055       -1493.1347687681803       -1317.7094527458773       -1111.8014709843671       -850.46420732823924        908.20989412109122        1116.8334304070104        1294.9743009537217        1453.0922743448409     
   846.15384615384619       -1527.8923124304245       -1351.6617034061860       -1145.6275885090681       -886.45727735438095        941.95115056690474        1150.7856810673188        1329.8167056948535        1489.0853443709825     
   871.79487179487182       -1562.7033932034733       -1385.7202729668759       -1179.5911004535469       -922.45034738052277        975.82980143249574        1184.8442506280087        1364.7126475467903        1525.0784143971243     
   897.43589743589746       -1597.5642757212652       -1419.8769282502226       -1213.6794306604404       -958.44341740666471        1009.8332705605012        1219.0009059113556        1399.6583911434695        1561.0714844232664     
   923.07692307692309       -1632.4715595766961       -1454.1242444831589       -1247.8814538911956       -994.43648743280664        1043.9504327123689        1253.2482221442915        1434.6505360777883        1597.0645544494082     
   948.71794871794873       -1667.4221431006542       -1488.4555109000664       -1282.1872978553311       -1030.4295574589482        1078.1714155976169        1287.5794885611988        1469.6859806806337        1633.0576244755500     
   974.35897435897436       -1702.4131916778813       -1522.8646489238915       -1316.5881759020820       -1066.4226274850901        1112.4874325654798        1321.9886265850243        1504.7618903367490        1669.0506945016916     
   1000.0000000000000       -1737.4421099595504       -1557.3461410691973       -1351.0762451413625       -1102.4156975112323        1146.8906407258728        1356.4701187303297        1539.8756696973064        1705.0437645278339     
