            0.000000            6.834038
            2.004008            6.723138
            4.008016            6.611904
            6.012024            6.500367
            8.016032            6.388558
           10.020040            6.276506
           12.024048            6.164240
           14.028056            6.051791
           16.032064            5.939186
           18.036072            5.826453
           20.040080            5.713619
           22.044088            5.600712
           24.048096            5.487757
           26.052104            5.374780
           28.056112            5.261806
           30.060120            5.148860
           32.064128            5.035966
           34.068136            4.923147
           36.072144            4.810426
           38.076152            4.697825
           40.080160            4.585368
           42.084168            4.473073
           44.088176            4.360964
           46.092184            4.249059
           48.096192            4.137379
           50.100200            4.025942
           52.104208            3.914768
           54.108216            3.803874
           56.112224            3.693279
           58.116232            3.582999
           60.120240            3.473051
           62.124248            3.363452
           64.128257            3.254218
           66.132265            3.145363
           68.136273            3.036902
           70.140281            2.928850
           72.144289            2.821221
           74.148297            2.714028
           76.152305            2.607285
           78.156313            2.501004
           80.160321            2.395197
           82.164329            2.289876
           84.168337            2.185052
           86.172345            2.080738
           88.176353            1.976942
           90.180361            1.873677
           92.184369            1.770950
           94.188377            1.668773
           96.192385            1.567154
           98.196393            1.466103
          100.200401            1.365627
          102.204409            1.265735
          104.208417            1.166435
          106.212425            1.067735
          108.216433            0.969641
          110.220441            0.872161
          112.224449            0.775302
          114.228457            0.679069
          116.232465            0.583470
          118.236473            0.488509
          120.240481            0.394193
          122.244489            0.300527
          124.248497            0.207516
          126.252505            0.115165
          128.256513            0.023479
          130.260521           -0.067539
          132.264529           -0.157883
          134.268537           -0.247550
          136.272545           -0.336535
          138.276553           -0.424836
          140.280561           -0.512449
          142.284569           -0.599370
          144.288577           -0.685597
          146.292585           -0.771127
          148.296593           -0.855956
          150.300601           -0.940083
          152.304609           -1.023505
          154.308617           -1.106220
          156.312625           -1.188225
          158.316633           -1.269519
          160.320641           -1.350099
          162.324649           -1.429965
          164.328657           -1.509114
          166.332665           -1.587545
          168.336673           -1.665256
          170.340681           -1.742247
          172.344689           -1.818517
          174.348697           -1.894063
          176.352705           -1.968886
          178.356713           -2.042983
          180.360721           -2.116356
          182.364729           -2.189002
          184.368737           -2.260921
          186.372745           -2.332114
          188.376754           -2.402578
          190.380762           -2.472314
          192.384770           -2.541321
          194.388778           -2.609599
          196.392786           -2.677148
          198.396794           -2.743968
          200.400802           -2.810058
          202.404810           -2.875418
          204.408818           -2.940049
          206.412826           -3.003950
          208.416834           -3.067120
          210.420842           -3.129561
          212.424850           -3.191273
          214.428858           -3.252254
          216.432866           -3.312506
          218.436874           -3.372029
          220.440882           -3.430822
          222.444890           -3.488885
          224.448898           -3.546220
          226.452906           -3.602825
          228.456914           -3.658702
          230.460922           -3.713850
          232.464930           -3.768269
          234.468938           -3.821960
          236.472946           -3.874922
          238.476954           -3.927156
          240.480962           -3.978662
          242.484970           -4.029440
          244.488978           -4.079490
          246.492986           -4.128812
          248.496994           -4.177406
          250.501002           -4.225272
          252.505010           -4.272411
          254.509018           -4.318821
          256.513026           -4.364503
          258.517034           -4.409457
          260.521042           -4.453682
          262.525050           -4.497179
          264.529058           -4.539947
          266.533066           -4.581985
          268.537074           -4.623295
          270.541082           -4.663874
          272.545090           -4.703724
          274.549098           -4.742842
          276.553106           -4.781229
          278.557114           -4.818885
          280.561122           -4.855807
          282.565130           -4.891997
          284.569138           -4.927453
          286.573146           -4.962173
          288.577154           -4.996158
          290.581162           -5.029407
          292.585170           -5.061917
          294.589178           -5.093689
          296.593186           -5.124720
          298.597194           -5.155011
          300.601202           -5.184558
          302.605210           -5.213362
          304.609218           -5.241420
          306.613226           -5.268731
          308.617234           -5.295293
          310.621242           -5.321104
          312.625251           -5.346162
          314.629259           -5.370466
          316.633267           -5.394014
          318.637275           -5.416803
          320.641283           -5.438830
          322.645291           -5.460094
          324.649299           -5.480593
          326.653307           -5.500323
          328.657315           -5.519281
          330.661323           -5.537465
          332.665331           -5.554873
          334.669339           -5.571500
          336.673347           -5.587344
          338.677355           -5.602401
          340.681363           -5.616669
          342.685371           -5.630142
          344.689379           -5.642818
          346.693387           -5.654693
          348.697395           -5.665762
          350.701403           -5.676022
          352.705411           -5.685468
          354.709419           -5.694095
          356.713427           -5.701900
          358.717435           -5.708877
          360.721443           -5.715021
          362.725451           -5.720327
          364.729459           -5.724789
          366.733467           -5.728403
          368.737475           -5.731163
          370.741483           -5.733062
          372.745491           -5.734094
          374.749499           -5.734254
          376.753507           -5.733535
          378.757515           -5.731930
          380.761523           -5.729432
          382.765531           -5.726035
          384.769539           -5.721730
          386.773547           -5.716510
          388.777555           -5.710367
          390.781563           -5.703294
          392.785571           -5.695281
          394.789579           -5.686321
          396.793587           -5.676405
          398.797595           -5.665523
          400.801603           -5.653666
          402.805611           -5.640824
          404.809619           -5.626987
          406.813627           -5.612146
          408.817635           -5.596289
          410.821643           -5.579406
          412.825651           -5.561484
          414.829659           -5.542514
          416.833667           -5.522482
          418.837675           -5.501377
          420.841683           -5.479185
          422.845691           -5.455895
          424.849699           -5.431491
          426.853707           -5.405961
          428.857715           -5.379291
          430.861723           -5.351464
          432.865731           -5.322467
          434.869739           -5.292284
          436.873747           -5.260899
          438.877756           -5.228294
          440.881764           -5.194454
          442.885772           -5.159360
          444.889780           -5.122995
          446.893788           -5.085340
          448.897796           -5.046375
          450.901804           -5.006081
          452.905812           -4.964437
          454.909820           -4.921422
          456.913828           -4.877015
          458.917836           -4.831193
          460.921844           -4.783934
          462.925852           -4.735212
          464.929860           -4.685005
          466.933868           -4.633286
          468.937876           -4.580030
          470.941884           -4.525209
          472.945892           -4.468796
          474.949900           -4.410762
          476.953908           -4.351078
          478.957916           -4.289713
          480.961924           -4.226635
          482.965932           -4.161813
          484.969940           -4.095212
          486.973948           -4.026797
          488.977956           -3.956533
          490.981964           -3.884383
          492.985972           -3.810309
          494.989980           -3.734271
          496.993988           -3.656227
          498.997996           -3.576137
          501.002004           -3.493955
          503.006012           -3.409637
          505.010020           -3.323137
          507.014028           -3.234404
          509.018036           -3.143390
          511.022044           -3.050043
          513.026052           -2.954308
          515.030060           -2.856130
          517.034068           -2.755451
          519.038076           -2.652212
          521.042084           -2.546349
          523.046092           -2.437800
          525.050100           -2.326497
          527.054108           -2.212372
          529.058116           -2.095351
          531.062124           -1.975361
          533.066132           -1.852324
          535.070140           -1.726160
          537.074148           -1.596785
          539.078156           -1.464112
          541.082164           -1.328051
          543.086172           -1.188507
          545.090180           -1.045383
          547.094188           -0.898577
          549.098196           -0.747983
          551.102204           -0.593491
          553.106212           -0.434984
          555.110220           -0.272344
          557.114228           -0.105444
          559.118236            0.065845
          561.122244            0.241661
          563.126253            0.422145
          565.130261            0.607447
          567.134269            0.797722
          569.138277            0.993133
          571.142285            1.193850
          573.146293            1.400052
          575.150301            1.611924
          577.154309            1.829664
          579.158317            2.053474
          581.162325            2.283572
          583.166333            2.520182
          585.170341            2.763543
          587.174349            3.013902
          589.178357            3.271522
          591.182365            3.536678
          593.186373            3.809661
          595.190381            4.090777
          597.194389            4.380348
          599.198397            4.678713
          601.202405            4.986232
          603.206413            5.303284
          605.210421            5.630270
          607.214429            5.967613
          609.218437            6.315763
          611.222445            6.675196
          613.226453            7.046416
          615.230461            7.429959
          617.234469            7.826395
          619.238477            8.236329
          621.242485            8.660405
          623.246493            9.099310
          625.250501            9.553777
          627.254509           10.024588
          629.258517           10.512579
          631.262525           11.018644
          633.266533           11.543742
          635.270541           12.088901
          637.274549           12.655225
          639.278557           13.243902
          641.282565           13.856210
          643.286573           14.493527
          645.290581           15.157342
          647.294589           15.849266
          649.298597           16.571042
          651.302605           17.324562
          653.306613           18.111883
          655.310621           18.935243
          657.314629           19.797083
          659.318637           20.700072
          661.322645           21.647132
          663.326653           22.641467
          665.330661           23.686604
          667.334669           24.786428
          669.338677           25.945234
          671.342685           27.167778
          673.346693           28.459343
          675.350701           29.825814
          677.354709           31.273767
          679.358717           32.810570
          681.362725           34.444511
          683.366733           36.184942
          685.370741           38.042456
          687.374749           40.029103
          689.378758           42.158646
          691.382766           44.446876
          693.386774           46.912006
          695.390782           49.575146
          697.394790           52.460907
          699.398798           55.598157
          701.402806           59.020985
          703.406814           62.769933
          705.410822           66.893605
          707.414830           71.450768
          709.418838           76.513161
          711.422846           82.169283
          713.426854           88.529585
          715.430862           95.733733
          717.434870          103.960949
          719.438878          113.445082
          721.442886          124.497133
          723.446894          137.539943
          725.450902          153.163425
          727.454910          172.216122
          729.458918          195.964403
          731.462926          226.385725
          733.466934          266.749257
          735.470942          322.876449
          737.474950          406.235812
          739.478958          542.982468
          741.482966          808.538882
          743.486974         1546.847876
          745.490982        14239.277724
          747.494990        -2030.842065
          749.498998         -959.811363
          751.503006         -633.476565
          753.507014         -475.517937
          755.511022         -382.350624
          757.515030         -320.897951
          759.519038         -277.323730
          761.523046         -244.818365
          763.527054         -219.640865
          765.531062         -199.565350
          767.535070         -183.184545
          769.539078         -169.565145
          771.543086         -158.063772
          773.547094         -148.222504
          775.551102         -139.706550
          777.555110         -132.265463
          779.559118         -125.708161
          781.563126         -119.886315
          783.567134         -114.683029
          785.571142         -110.004931
          787.575150         -105.776539
          789.579158         -101.936174
          791.583166          -98.432941
          793.587174          -95.224471
          795.591182          -92.275208
          797.595190          -89.555094
          799.599198          -87.038541
          801.603206          -84.703637
          803.607214          -82.531502
          805.611222          -80.505784
          807.615230          -78.612253
          809.619238          -76.838460
          811.623246          -75.173473
          813.627255          -73.607651
          815.631263          -72.132458
          817.635271          -70.740311
          819.639279          -69.424449
          821.643287          -68.178823
          823.647295          -66.998010
          825.651303          -65.877128
          827.655311          -64.811774
          829.659319          -63.797966
          831.663327          -62.832094
          833.667335          -61.910875
          835.671343          -61.031320
          837.675351          -60.190701
          839.679359          -59.386522
          841.683367          -58.616497
          843.687375          -57.878524
          845.691383          -57.170674
          847.695391          -56.491165
          849.699399          -55.838357
          851.703407          -55.210730
          853.707415          -54.606880
          855.711423          -54.025504
          857.715431          -53.465392
          859.719439          -52.925419
          861.723447          -52.404539
          863.727455          -51.901776
          865.731463          -51.416221
          867.735471          -50.947021
          869.739479          -50.493382
          871.743487          -50.054559
          873.747495          -49.629853
          875.751503          -49.218610
          877.755511          -48.820213
          879.759519          -48.434085
          881.763527          -48.059681
          883.767535          -47.696487
          885.771543          -47.344021
          887.775551          -47.001827
          889.779559          -46.669473
          891.783567          -46.346553
          893.787575          -46.032682
          895.791583          -45.727494
          897.795591          -45.430646
          899.799599          -45.141809
          901.803607          -44.860673
          903.807615          -44.586944
          905.811623          -44.320342
          907.815631          -44.060600
          909.819639          -43.807466
          911.823647          -43.560698
          913.827655          -43.320068
          915.831663          -43.085357
          917.835671          -42.856357
          919.839679          -42.632869
          921.843687          -42.414703
          923.847695          -42.201678
          925.851703          -41.993622
          927.855711          -41.790368
          929.859719          -41.591759
          931.863727          -41.397643
          933.867735          -41.207876
          935.871743          -41.022318
          937.875752          -40.840836
          939.879760          -40.663304
          941.883768          -40.489599
          943.887776          -40.319603
          945.891784          -40.153204
          947.895792          -39.990294
          949.899800          -39.830768
          951.903808          -39.674528
          953.907816          -39.521477
          955.911824          -39.371522
          957.915832          -39.224576
          959.919840          -39.080552
          961.923848          -38.939368
          963.927856          -38.800945
          965.931864          -38.665206
          967.935872          -38.532079
          969.939880          -38.401491
          971.943888          -38.273375
          973.947896          -38.147664
          975.951904          -38.024295
          977.955912          -37.903207
          979.959920          -37.784338
          981.963928          -37.667634
          983.967936          -37.553037
          985.971944          -37.440494
          987.975952          -37.329954
          989.979960          -37.221366
          991.983968          -37.114682
          993.987976          -37.009855
          995.991984          -36.906840
          997.995992          -36.805592
         1000.000000          -36.706070
