   1.8897261246257702       0.39428501871599242     
   2.1569601220475962       0.28524717016793405     
   2.4241941194694223       0.20983318741572304     
   2.6914281168912484       0.15588071196012604     
   2.9586621143130745       0.11634729911802250     
   3.2258961117349010        8.6897765701077545E-002
   3.4931301091567266        6.4723636427851172E-002
   3.7603641065785527        4.7924863177183502E-002
   4.0275981040003792        3.5167608038598301E-002
   4.2948321014222044        2.5485911137444969E-002
   4.5620660988440314        1.8162142035421134E-002
   4.8293000962658565        1.2652385532770764E-002
   5.0965340936876826        8.5383310732110862E-003
   5.3637680911095087        5.4952280409714688E-003
   5.6310020885313348        3.2697996756839479E-003
   5.8982360859531608        1.6644513833962548E-003
   6.1654700833749869        5.2554023899358546E-004
   6.4327040807968139       -2.6566167394646828E-004
   6.6999380782186400       -8.0014228267788132E-004
   6.9671720756404660       -1.1469638313664255E-003
   7.2344060730622921       -1.3580176863377067E-003
   7.5016400704841182       -1.4719075197372285E-003
   7.7688740679059434       -1.5170905462682056E-003
   8.0361080653277703       -1.5143805551852913E-003
   8.3033420627495946       -1.4789064923570944E-003
   8.5705760601714207       -1.4216157466925593E-003
   8.8378100575932486       -1.3504063909894224E-003
   9.1050440550150746       -1.2709653104077316E-003
   9.3722780524369007       -1.1873794873704338E-003
   9.6395120498587268       -1.1025767417482029E-003
   9.9067460472805529       -1.0186411593440152E-003
   10.173980044702379       -9.3703823612469365E-004
   10.441214042124205       -8.5877598924771195E-004
   10.708448039546029       -7.8452115181857544E-004
   10.975682036967857       -7.1468403321543056E-004
   11.242916034389681       -6.4948149827219427E-004
   11.510150031811509       -5.8898454158090390E-004
   11.777384029233334       -5.3315484823139440E-004
   12.044618026655161       -4.8187330820279896E-004
   12.311852024076986       -4.3496249894675739E-004
   12.579086021498814       -3.9220452358441015E-004
   12.846320018920640       -3.5335518355347626E-004
   13.113554016342466       -3.1815519905581115E-004
   13.380788013764292       -2.8633901690428839E-004
   13.648022011186118       -2.5764162941286587E-004
   13.915256008607944       -2.3180374798472103E-004
   14.182490006029770       -2.0857561731896801E-004
   14.449724003451596       -1.8771971224688792E-004
   14.716958000873420       -1.6901252404051252E-004
   14.984191998295248       -1.5224561360008455E-004
   15.251425995717071       -1.3722608347299377E-004
   15.518659993138899       -1.2377659818872786E-004
   15.785893990560725       -1.1173506235641602E-004
   16.053127987982553       -1.0095404805824156E-004
   16.320361985404379       -9.1300047112419526E-005
   16.587595982826205       -8.2652609666731468E-005
   16.854829980248031       -7.4903418233220284E-005
   17.122063977669857       -6.7955335600802095E-005
   17.389297975091683       -6.1721455966582431E-005
   17.656531972513509       -5.6124180993656315E-005
   17.923765969935335       -5.1094336203265493E-005
   18.190999967357161       -4.6570338001946205E-005
   18.458233964778987       -4.2497417584384189E-005
   18.725467962200813       -3.8826904795290080E-005
   18.992701959622639       -3.5515572639626508E-005
   19.259935957044465       -3.2525041370303536E-005
   19.527169954466288       -2.9821239838577666E-005
   19.794403951888118       -2.7373920961072883E-005
   20.061637949309944       -2.5156227648956964E-005
   20.328871946731770       -2.3144305283665278E-005
   20.596105944153592       -2.1316956746835156E-005
   20.863339941575422       -1.9655336068868054E-005
   21.130573938997248       -1.8142676910022338E-005
   21.397807936419074       -1.6764052298392438E-005
   21.665041933840900       -1.5506162296131941E-005
   21.932275931262726       -1.4357146530518337E-005
   22.199509928684552       -1.3306418796634884E-005
   22.466743926106378       -1.2344521204012906E-005
   22.733977923528204       -1.1462995594221719E-005
   23.001211920950031       -1.0654270195895356E-005
   23.268445918371857       -9.9115597058217363E-006
   23.535679915793679       -9.2287771882986133E-006
   23.802913913215509       -8.6004563698811460E-006
   24.070147910637335       -8.0216830733616353E-006
   24.337381908059161       -7.4880346841809450E-006
   24.604615905480983       -6.9955266756427045E-006
   24.871849902902813       -6.5405653375061713E-006
   25.139083900324639       -6.1199059571413672E-006
   25.406317897746465       -5.7306157946954837E-006
   25.673551895168291       -5.3700412749324772E-006
   25.940785892590117       -5.0357788897786741E-006
   26.208019890011943       -4.7256493681693173E-006
   26.475253887433770       -4.4376747246544847E-006
   26.742487884855596       -4.1700578462017148E-006
   27.009721882277422       -3.9211643186403173E-006
   27.276955879699248       -3.6895062308897513E-006
   27.544189877121070       -3.4737277272148035E-006
   27.811423874542900       -3.2725921058013070E-006
   28.078657871964726       -3.0849702864448055E-006
   28.345891869386552       -2.9098304916021005E-006
