   1.0000000000000000E-002  -99990.000666628868     
   2.0000000000000000E-002  -99960.010664249392     
   2.9999999999999999E-002  -99910.053972472902     
   4.0000000000000001E-002  -99840.170512057768     
   5.0000000000000003E-002  -99750.416077156769     
   5.9999999999999998E-002  -99640.862240739996     
   7.0000000000000007E-002  -99511.596233468008     
   8.0000000000000002E-002  -99362.720796366339     
   8.9999999999999997E-002  -99194.354007728252     
  0.10000000000000001       -99006.629084743981     
  0.11000000000000000       -98799.694160427389     
  0.12000000000000000       -98573.712036477853     
  0.13000000000000000       -98328.859912781481     
  0.14000000000000001       -98065.329094317814     
  0.14999999999999999       -97783.324676298347     
  0.16000000000000000       -97483.065208416665     
  0.17000000000000001       -97164.782339145080     
  0.17999999999999999       -96828.720441057798     
  0.19000000000000000       -96475.136218206346     
  0.20000000000000001       -96104.298296611654     
  0.20999999999999999       -95716.486798973870     
  0.22000000000000000       -95311.992904730112     
  0.23000000000000001       -94891.118396618913     
  0.23999999999999999       -94454.175194930096     
  0.25000000000000000       -94001.484880637800     
  0.26000000000000001       -93533.378208626018     
  0.27000000000000002       -93050.194612225343     
  0.28000000000000003       -92552.281700283012     
  0.28999999999999998       -92039.994747987061     
  0.29999999999999999       -91513.696182662927     
  0.31000000000000000       -90973.755065749094     
  0.32000000000000001       -90420.546572147345     
  0.33000000000000002       -89854.451468125524     
  0.34000000000000002       -89275.855588930324     
  0.35000000000000003       -88685.149317243617     
  0.35999999999999999       -88082.727063587925     
  0.37000000000000000       -87468.986749756848     
  0.38000000000000000       -86844.329296311713     
  0.39000000000000001       -86209.158115150829     
  0.40000000000000002       -85563.878608117782     
  0.41000000000000003       -84908.897672574996     
  0.41999999999999998       -84244.623214826264     
  0.42999999999999999       -83571.463672226120     
  0.44000000000000000       -82889.827544769374     
  0.45000000000000001       -82200.122936905391     
  0.46000000000000002       -81502.757110273757     
  0.47000000000000003       -80798.136048009270     
  0.47999999999999998       -80086.664031213513     
  0.48999999999999999       -79368.743228140287     
  0.50000000000000000       -78644.773296592757     
  0.51000000000000001       -77915.150999978781     
  0.52000000000000002       -77180.269837421700     
  0.53000000000000003       -76440.519688274013     
  0.54000000000000004       -75696.286471332933     
  0.55000000000000004       -74947.951819008231     
  0.56000000000000005       -74195.892766646342     
  0.57000000000000006       -73440.481457168120     
  0.57999999999999996       -72682.084861133626     
  0.58999999999999997       -71921.064512303055     
  0.59999999999999998       -71157.776258722297     
  0.60999999999999999       -70392.570029319992     
  0.62000000000000000       -69625.789615965565     
  0.63000000000000000       -68857.772470899465     
  0.64000000000000001       -68088.849519413518     
  0.65000000000000002       -67319.344987624107     
  0.66000000000000003       -66549.576245151038     
  0.67000000000000004       -65779.853662484864     
  0.68000000000000005       -65010.480482797844     
  0.69000000000000006       -64241.752707928419     
  0.70000000000000007       -63473.958998245856     
  0.70999999999999996       -62707.380586078827     
  0.71999999999999997       -61942.291202373373     
  0.72999999999999998       -61178.957016227156     
  0.73999999999999999       -60417.636586930719     
  0.75000000000000000       -59658.580828133134     
  0.76000000000000001       -58902.032983736186     
  0.77000000000000002       -58148.228615111388     
  0.78000000000000003       -57397.395599224845     
  0.79000000000000004       -56649.754137247692     
  0.80000000000000004       -55905.516773224386     
  0.81000000000000005       -55164.888422366712     
  0.82000000000000006       -54428.066408538631     
  0.83000000000000007       -53695.240510496056     
  0.83999999999999997       -52966.593016444996     
  0.84999999999999998       -52242.298786483225     
  0.85999999999999999       -51522.525322492598     
  0.87000000000000000       -50807.432845052688     
  0.88000000000000000       -50097.174376950825     
  0.89000000000000001       -49391.895832869006     
  0.90000000000000002       -48691.736114834159     
  0.91000000000000003       -47996.827213025797     
  0.92000000000000004       -47307.294311542166     
  0.93000000000000005       -46623.255898734933     
  0.94000000000000006       -45944.823881731361     
  0.95000000000000007       -45272.103704772380     
  0.95999999999999996       -44605.194471004994     
  0.96999999999999997       -43944.189067377913     
  0.97999999999999998       -43289.174292300282     
  0.98999999999999999       -42640.230985734132     
   1.0000000000000000       -41997.434161402605     
   1.0100000000000000       -41360.853140807747     
   1.0200000000000000       -40730.551688762986     
   1.0300000000000000       -40106.588150157440     
   1.0400000000000000       -39489.015587680922     
   1.0500000000000000       -38877.881920250155     
   1.0600000000000001       -38273.230061889073     
   1.0700000000000001       -37675.098060827149     
   1.0800000000000001       -37083.519238591893     
   1.0900000000000001       -36498.522328883075     
   1.1000000000000001       -35920.131616027487     
   1.1100000000000001       -35348.367072824600     
   1.1200000000000001       -34783.244497604304     
   1.1300000000000001       -34224.775650328818     
   1.1400000000000001       -33672.968387581641     
   1.1500000000000001       -33127.826796296453     
   1.1599999999999999       -32589.351326089512     
   1.1699999999999999       -32057.538920068215     
   1.1799999999999999       -31532.383143998974     
   1.1899999999999999       -31013.874313725795     
   1.2000000000000000       -30501.999620740902     
   1.2100000000000000       -29996.743255816706     
   1.2200000000000000       -29498.086530617144     
   1.2300000000000000       -29006.007997214358     
   1.2400000000000000       -28520.483565444421     
   1.2500000000000000       -28041.486618043262     
   1.2600000000000000       -27568.988123511001     
   1.2700000000000000       -27102.956746659835     
   1.2800000000000000       -26643.358956806907     
   1.2900000000000000       -26190.159133579979     
   1.3000000000000000       -25743.319670309400     
   1.3100000000000001       -25302.801074985720     
   1.3200000000000001       -24868.562068767242     
   1.3300000000000001       -24440.559682027131     
   1.3400000000000001       -24018.749347934197     
   1.3500000000000001       -23603.084993566088     
   1.3600000000000001       -23193.519128557615     
   1.3700000000000001       -22790.002931291052     
   1.3800000000000001       -22392.486332638804     
   1.3900000000000001       -22000.918097272213     
   1.4000000000000001       -21615.245902553717     
   1.4099999999999999       -21235.416415032076     
   1.4199999999999999       -20861.375364563657     
   1.4299999999999999       -20493.067616084849     
   1.4399999999999999       -20130.437239063260     
   1.4500000000000000       -19773.427574657293     
   1.4600000000000000       -19421.981300615884     
   1.4700000000000000       -19076.040493951583     
   1.4800000000000000       -18735.546691422114     
   1.4900000000000000       -18400.440947856725     
   1.5000000000000000       -18070.663892364853     
   1.5100000000000000       -17746.155782466158     
   1.5200000000000000       -17426.856556181308     
   1.5300000000000000       -17112.705882124348     
   1.5400000000000000       -16803.643207637739     
   1.5500000000000000       -16499.607805012132     
   1.5600000000000001       -16200.538815833006     
   1.5700000000000001       -15906.375293497083     
   1.5800000000000001       -15617.056243941355     
   1.5900000000000001       -15332.520664628029     
   1.6000000000000001       -15052.707581828545     
   1.6100000000000001       -14777.556086249953     
   1.6200000000000001       -14507.005367046901     
   1.6300000000000001       -14240.994744262209     
   1.6400000000000001       -13979.463699738957     
   1.6500000000000001       -13722.351906546584     
   1.6600000000000001       -13469.599256963307     
   1.6699999999999999       -13221.145889056761     
   1.6799999999999999       -12976.932211904199     
   1.6899999999999999       -12736.898929493407     
   1.7000000000000000       -12500.987063344659     
   1.7100000000000000       -12269.137973893703     
   1.7200000000000000       -12041.293380675163     
   1.7300000000000000       -11817.395381345032     
   1.7400000000000000       -11597.386469580462     
   1.7500000000000000       -11381.209551894224     
   1.7600000000000000       -11168.807963400675     
   1.7700000000000000       -10960.125482569321     
   1.7800000000000000       -10755.106345001346     
   1.7900000000000000       -10553.695256263774     
   1.8000000000000000       -10355.837403815205     
   1.8100000000000001       -10161.478468056312     
   1.8200000000000001       -9970.5646325375747     
   1.8300000000000001       -9783.0425933558745     
   1.8400000000000001       -9598.8595677710055     
   1.8500000000000001       -9417.9633020722122     
   1.8600000000000001       -9240.3020787242076     
   1.8700000000000001       -9065.8247228213968     
   1.8800000000000001       -8894.4806078782021     
   1.8900000000000001       -8726.2196609827042     
   1.9000000000000001       -8560.9923673400481     
   1.9100000000000001       -8398.7497742313371     
   1.9199999999999999       -8239.4434944130044     
   1.9299999999999999       -8083.0257089809393     
   1.9399999999999999       -7929.4491697229378     
   1.9500000000000000       -7778.6672009823360     
   1.9600000000000000       -7630.6337010549969     
   1.9700000000000000       -7485.3031431411464     
   1.9800000000000000       -7342.6305758728950     
   1.9900000000000000       -7202.5716234375714     
   2.0000000000000000       -7065.0824853164468     
   2.0100000000000002       -6930.1199356576544     
   2.0200000000000000       -6797.6413223016652     
   2.0300000000000002       -6667.6045654768268     
   2.0400000000000000       -6539.9681561822117     
   2.0499999999999998       -6414.6911542740454     
   2.0600000000000001       -6291.7331862717456     
   2.0699999999999998       -6171.0544428988924     
   2.0800000000000001       -6052.6156763738209     
   2.0899999999999999       -5936.3781974642761     
   2.1000000000000001       -5822.3038723196869     
   2.1099999999999999       -5710.3551190944409     
   2.1200000000000001       -5600.4949043747874     
   2.1299999999999999       -5492.6867394217470     
   2.1400000000000001       -5386.8946762416863     
   2.1499999999999999       -5283.0833034960524     
   2.1600000000000001       -5181.2177422610057     
   2.1699999999999999       -5081.2636416475634     
   2.1800000000000002       -4983.1871742921776     
   2.1899999999999999       -4886.9550317275207     
   2.2000000000000002       -4792.5344196425876     
   2.2100000000000000       -4699.8930530411408     
   2.2200000000000002       -4608.9991513068353     
   2.2300000000000000       -4519.8214331833378     
   2.2400000000000002       -4432.3291116770506     
   2.2500000000000000       -4346.4918888900929     
   2.2600000000000002       -4262.2799507904829     
   2.2700000000000000       -4179.6639619264979     
   2.2800000000000002       -4098.6150600916008     
   2.2900000000000000       -4019.1048509462603     
   2.3000000000000003       -3941.1054026024785     
   2.3100000000000001       -3864.5892401768210     
   2.3199999999999998       -3789.5293403172036     
   2.3300000000000001       -3715.8991257086723     
   2.3399999999999999       -3643.6724595630376     
   2.3500000000000001       -3572.8236400969577     
   2.3599999999999999       -3503.3273950029970     
   2.3700000000000001       -3435.1588759177325     
   2.3799999999999999       -3368.2936528910054     
   2.3900000000000001       -3302.7077088599985     
   2.3999999999999999       -3238.3774341317999     
   2.4100000000000001       -3175.2796208777545     
   2.4199999999999999       -3113.3914576429015     
   2.4300000000000002       -3052.6905238734253     
   2.4399999999999999       -2993.1547844650654     
   2.4500000000000002       -2934.7625843350961     
   2.4600000000000000       -2877.4926430204932     
   2.4700000000000002       -2821.3240493045837     
   2.4800000000000000       -2766.2362558745067     
   2.4900000000000002       -2712.2090740115000     
   2.5000000000000000       -2659.2226683160625     
   2.5100000000000002       -2607.2575514697437     
   2.5200000000000000       -2556.2945790353720     
   2.5300000000000002       -2506.3149442972112     
   2.5400000000000000       -2457.3001731426502     
   2.5500000000000003       -2409.2321189866825     
   2.5600000000000001       -2362.0929577405577     
   2.5699999999999998       -2315.8651828256980     
   2.5800000000000001       -2270.5316002340055     
   2.5899999999999999       -2226.0753236355536     
   2.6000000000000001       -2182.4797695345178     
   2.6099999999999999       -2139.7286524742394     
   2.6200000000000001       -2097.8059802920970     
   2.6299999999999999       -2056.6960494249070     
   2.6400000000000001       -2016.3834402654052     
   2.6499999999999999       -1976.8530125703812     
   2.6600000000000001       -1938.0899009208765     
   2.6699999999999999       -1900.0795102349107     
   2.6800000000000002       -1862.8075113330033     
   2.6899999999999999       -1826.2598365568558     
   2.7000000000000002       -1790.4226754413517     
   2.7100000000000000       -1755.2824704401169     
   2.7200000000000002       -1720.8259127047304     
   2.7300000000000000       -1687.0399379177070     
   2.7400000000000002       -1653.9117221792633     
   2.7500000000000000       -1621.4286779479071     
   2.7600000000000002       -1589.5784500347770     
   2.7700000000000000       -1558.3489116517026     
   2.7800000000000002       -1527.7281605128303     
   2.7900000000000000       -1497.7045149897301     
   2.8000000000000003       -1468.2665103197562     
   2.8100000000000001       -1439.4028948675182     
   2.8199999999999998       -1411.1026264391910     
   2.8300000000000001       -1383.3548686494373     
   2.8399999999999999       -1356.1489873406670     
   2.8500000000000001       -1329.4745470543071     
   2.8599999999999999       -1303.3213075538069     
   2.8700000000000001       -1277.6792203989935     
   2.8799999999999999       -1252.5384255714553     
   2.8900000000000001       -1227.8892481505486     
   2.8999999999999999       -1203.7221950396633     
   2.9100000000000001       -1180.0279517423155     
   2.9199999999999999       -1156.7973791876709     
   2.9300000000000002       -1134.0215106050396     
   2.9399999999999999       -1111.6915484469303     
   2.9500000000000002       -1089.7988613601708     
   2.9600000000000000       -1068.3349812046699     
   2.9700000000000002       -1047.2916001193062     
   2.9800000000000000       -1026.6605676344991     
   2.9900000000000002       -1006.4338878309404     
   3.0000000000000000       -986.60371654401933     
   3.0100000000000002       -967.16235861340920     
   3.0200000000000000       -948.10226517734122     
   3.0300000000000002       -929.41603101101953     
   3.0400000000000000       -911.09639190869746     
   3.0500000000000003       -893.13622210886092     
   3.0600000000000001       -875.52853176203212     
   3.0700000000000003       -858.26646444063670     
   3.0800000000000001       -841.34329469044042     
   3.0899999999999999       -824.75242562300173     
   3.1000000000000001       -808.48738654863223     
   3.1099999999999999       -792.54183064933056     
   3.1200000000000001       -776.90953269115437     
   3.1299999999999999       -761.58438677552328     
   3.1400000000000001       -746.56040412890150     
   3.1499999999999999       -731.83171093035958     
   3.1600000000000001       -717.39254617646884     
   3.1699999999999999       -703.23725958303112     
   3.1800000000000002       -689.36030952309636     
   3.1899999999999999       -675.75626100077886     
   3.2000000000000002       -662.41978366033334     
   3.2100000000000000       -649.34564982999825     
   3.2200000000000002       -636.52873260007925     
   3.2300000000000000       -623.96400393478712     
   3.2400000000000002       -611.64653281730705     
   3.2500000000000000       -599.57148342761980     
   3.2600000000000002       -587.73411335256344     
   3.2700000000000000       -576.12977182765985     
   3.2800000000000002       -564.75389801020401     
   3.2900000000000000       -553.60201928315018     
   3.3000000000000003       -542.66974958929768     
   3.3100000000000001       -531.95278779532362     
   3.3200000000000003       -521.44691608517053     
   3.3300000000000001       -511.14799838234865     
   3.3399999999999999       -501.05197880066856     
   3.3500000000000001       -491.15488012296862     
   3.3599999999999999       -481.45280230737802     
   3.3700000000000001       -471.94192102066779     
   3.3799999999999999       -462.61848619825776     
   3.3900000000000001       -453.47882063043517     
   3.3999999999999999       -444.51931857436364     
   3.4100000000000001       -435.73644439144721     
   3.4199999999999999       -427.12673120964132     
   3.4300000000000002       -418.68677961028260     
   3.4399999999999999       -410.41325633904256     
   3.4500000000000002       -402.30289304058437     
   3.4600000000000000       -394.35248501654104     
   3.4700000000000002       -386.55889000640337     
   3.4800000000000000       -378.91902699094464     
   3.4900000000000002       -371.42987501778560     
   3.5000000000000000       -364.08847204873064     
   3.5100000000000002       -356.89191382849447     
   3.5200000000000000       -349.83735277445913     
   3.5300000000000002       -342.92199688708831     
   3.5400000000000000       -336.14310868065240     
   3.5500000000000003       -329.49800413390068     
   3.5600000000000001       -322.98405166034246     
   3.5700000000000003       -316.59867109778628     
   3.5800000000000001       -310.33933271680729     
   3.5899999999999999       -304.20355624780240     
   3.6000000000000001       -298.18890992631253     
   3.6099999999999999       -292.29300955628611     
   3.6200000000000001       -286.51351759096337     
   3.6299999999999999       -280.84814223107441     
   3.6400000000000001       -275.29463654003700     
   3.6499999999999999       -269.85079757585572     
   3.6600000000000001       -264.51446553941855     
   3.6699999999999999       -259.28352293890237     
   3.6800000000000002       -254.15589376999222     
   3.6899999999999999       -249.12954271163611     
   3.7000000000000002       -244.20247433704719     
   3.7100000000000000       -239.37273233968645     
   3.7200000000000002       -234.63839877394503     
   3.7300000000000000       -229.99759331026902     
   3.7400000000000002       -225.44847250445460     
   3.7500000000000000       -220.98922908086413     
   3.7600000000000002       -216.61809122930092     
   3.7700000000000000       -212.33332191530027     
   3.7800000000000002       -208.13321820358451     
   3.7900000000000000       -204.01611059444613     
   3.8000000000000003       -199.98036237281607     
   3.8100000000000001       -196.02436896978944     
   3.8200000000000003       -192.14655733637181     
   3.8300000000000001       -188.34538532922880     
   3.8399999999999999       -184.61934110820854     
   3.8500000000000001       -180.96694254542552     
   3.8599999999999999       -177.38673664568825     
   3.8700000000000001       -173.87729897805906     
   3.8799999999999999       -170.43723311834310     
   3.8900000000000001       -167.06517010229754     
   3.8999999999999999       -163.75976788936629     
   3.9100000000000001       -160.51971083673899     
   3.9199999999999999       -157.34370918354583     
   3.9300000000000002       -154.23049854499365     
   3.9399999999999999       -151.17883941626195     
   3.9500000000000002       -148.18751668597062     
   3.9600000000000000       -145.25533915904487     
   3.9700000000000002       -142.38113908879535     
   3.9800000000000000       -139.56377171804471     
   3.9900000000000002       -136.80211482912603     
   4.0000000000000000       -134.09506830258968     
   4.0099999999999998       -131.44155368445001     
   4.0200000000000005       -128.84051376181395     
   4.0300000000000002       -126.29091214673194     
   4.0400000000000000       -123.79173286811282     
   4.0499999999999998       -121.34197997155432     
   4.0600000000000005       -118.94067712693546     
   4.0700000000000003       -116.58686724362551     
   4.0800000000000001       -114.27961209316219     
   4.0899999999999999       -112.01799193926055     
   4.0999999999999996       -109.80110517500997     
   4.1100000000000003       -107.62806796712354     
   4.1200000000000001       -105.49801390710616     
   4.1299999999999999       -103.41009366920620     
   4.1399999999999997       -101.36347467502551     
   4.1500000000000004       -99.357340764656996     
   4.1600000000000001       -97.390891874227123     
   4.1699999999999999       -95.463343719718267     
   4.1799999999999997       -93.573927486953835     
   4.1900000000000004       -91.721889527625223     
   4.2000000000000002       -89.906491061246854     
   4.2100000000000000       -88.127007882923024     
   4.2199999999999998       -86.382730076817793     
   4.2300000000000004       -84.672961735215893     
   4.2400000000000002       -82.997020683069550     
   4.2500000000000000       -81.354238207922336     
   4.2599999999999998       -79.743958795109990     
   4.2700000000000005       -78.165539868134331     
   4.2800000000000002       -76.618351534111994     
   4.2900000000000000       -75.101776334197993     
   4.2999999999999998       -73.615208998890850     
   4.3100000000000005       -72.158056208122858     
   4.3200000000000003       -70.729736356044683     
   4.3300000000000001       -69.329679320411600     
   4.3399999999999999       -67.957326236484604     
   4.3500000000000005       -66.612129275357361     
   4.3600000000000003       -65.293551426624887     
   4.3700000000000001       -64.001066285307516     
   4.3799999999999999       -62.734157842950530     
   4.3899999999999997       -61.492320282816621     
   4.4000000000000004       -60.275057779092357     
   4.4100000000000001       -59.081884300031362     
   4.4199999999999999       -57.912323414956219     
   4.4299999999999997       -56.765908105046357     
   4.4400000000000004       -55.642180577836619     
   4.4500000000000002       -54.540692085355694     
   4.4600000000000000       -53.461002745832054     
   4.4699999999999998       -52.402681368900019     
   4.4800000000000004       -51.365305284236335     
   4.4900000000000002       -50.348460173561612     
   4.5000000000000000       -49.351739905939567     
   4.5099999999999998       -48.374746376311940     
   4.5200000000000005       -47.417089347204353     
   4.5300000000000002       -46.478386293542407     
   4.5400000000000000       -45.558262250516243     
   4.5499999999999998       -44.656349664435609     
   4.5600000000000005       -43.772288246515785     
   4.5700000000000003       -42.905724829538364     
   4.5800000000000001       -42.056313227329142     
   4.5899999999999999       -41.223714097000197     
   4.6000000000000005       -40.407594803900430     
   4.6100000000000003       -39.607629289222878     
   4.6200000000000001       -38.823497940215780     
   4.6299999999999999       -38.054887462947576     
   4.6399999999999997       -37.301490757575358     
   4.6500000000000004       -36.563006796067718     
   4.6600000000000001       -35.839140502334587     
   4.6699999999999999       -35.129602634715951     
   4.6799999999999997       -34.434109670784537     
   4.6900000000000004       -33.752383694416153     
   4.7000000000000002       -33.084152285084038     
   4.7100000000000000       -32.429148409332811     
   4.7199999999999998       -31.787110314390372     
   4.7300000000000004       -31.157781423874965     
   4.7400000000000002       -30.540910235557174     
   4.7500000000000000       -29.936250221135467     
   4.7599999999999998       -29.343559727987113     
   4.7700000000000005       -28.762601882854760     
   4.7800000000000002       -28.193144497431366     
   4.7900000000000000       -27.634959975805504     
   4.7999999999999998       -27.087825223731400     
   4.8100000000000005       -26.551521559687323     
   4.8200000000000003       -26.025834627687562     
   4.8300000000000001       -25.510554311813010     
   4.8399999999999999       -25.005474652427495     
   4.8500000000000005       -24.510393764045958     
   4.8600000000000003       -24.025113754822627     
   4.8700000000000001       -23.549440647626703     
   4.8799999999999999       -23.083184302675150     
   4.8899999999999997       -22.626158341691440     
   4.9000000000000004       -22.178180073560391     
   4.9100000000000001       -21.739070421450002     
   4.9199999999999999       -21.308653851370718     
   4.9299999999999997       -20.886758302144791     
   4.9400000000000004       -20.473215116757288     
   4.9500000000000002       -20.067858975062059     
   4.9600000000000000       -19.670527827815434     
   4.9699999999999998       -19.281062832012260     
   4.9800000000000004       -18.899308287498112     
   4.9900000000000002       -18.525111574832874     
   5.0000000000000000       -18.158323094380666     
   5.0099999999999998       -17.798796206602546     
   5.0200000000000005       -17.446387173527842     
   5.0300000000000002       -17.100955101381288     
   5.0400000000000000       -16.762361884342653     
   5.0499999999999998       -16.430472149417295     
   5.0600000000000005       -16.105153202395140     
   5.0700000000000003       -15.786274974877106     
   5.0800000000000001       -15.473709972347443     
   5.0899999999999999       -15.167333223271989     
   5.1000000000000005       -14.867022229201616     
   5.1100000000000003       -14.572656915861449     
   5.1200000000000001       -14.284119585205991     
   5.1299999999999999       -14.001294868421626     
   5.1399999999999997       -13.724069679857486     
   5.1500000000000004       -13.452333171866432     
   5.1600000000000001       -13.185976690538423     
   5.1699999999999999       -12.924893732308256     
   5.1799999999999997       -12.668979901420915     
   5.1900000000000004       -12.418132868237299     
   5.2000000000000002       -12.172252328363973     
   5.2100000000000000       -11.931239962590341     
   5.2199999999999998       -11.694999397617799     
   5.2300000000000004       -11.463436167564856     
   5.2400000000000002       -11.236457676233197     
   5.2500000000000000       -11.013973160119326     
   5.2599999999999998       -10.795893652157504     
   5.2700000000000005       -10.582131946179237     
   5.2800000000000002       -10.372602562075354     
   5.2900000000000000       -10.167221711646627     
   5.2999999999999998       -9.9659072651295677     
   5.3100000000000005       -9.7685787183839210     
   5.3200000000000003       -9.5751571607288923     
   5.3300000000000001       -9.3855652434151331     
   5.3399999999999999       -9.1997271487201822     
   5.3500000000000005       -9.0175685596548583     
   5.3600000000000003       -8.8390166302686932     
   5.3700000000000001       -8.6639999565423480     
   5.3799999999999999       -8.4924485478557212     
   5.3899999999999997       -8.3242937990201824     
   5.4000000000000004       -8.1594684628638063     
   5.4100000000000001       -7.9979066233588245     
   5.4199999999999999       -7.8395436692803342     
   5.4299999999999997       -7.6843162683860724     
   5.4400000000000004       -7.5321623421067230     
   5.4500000000000002       -7.3830210407368488     
   5.4600000000000000       -7.2368327191163564     
   5.4699999999999998       -7.0935389127930435     
   5.4800000000000004       -6.9530823146565295     
   5.4900000000000002       -6.8154067520344270     
   5.5000000000000000       -6.6804571642413739     
   5.5099999999999998       -6.5481795805722909     
   5.5200000000000005       -6.4185210987308379     
   5.5300000000000002       -6.2914298636846349     
   5.5400000000000000       -6.1668550469386370     
   5.5499999999999998       -6.0447468262186055     
   5.5600000000000005       -5.9250563655564266     
   5.5700000000000003       -5.8077357957694229     
   5.5800000000000001       -5.6927381953257372     
   5.5899999999999999       -5.5800175715883533     
   5.6000000000000005       -5.4695288424301074     
   5.6100000000000003       -5.3612278182124751     
   5.6200000000000001       -5.2550711841207951     
   5.6299999999999999       -5.1510164828490579     
   5.6399999999999997       -5.0490220976272386     
   5.6500000000000004       -4.9490472355844144     
   5.6600000000000001       -4.8510519114411057     
   5.6699999999999999       -4.7549969315241682     
   5.6799999999999997       -4.6608438780980581     
   5.6900000000000004       -4.5685550940060757     
   5.7000000000000002       -4.4780936676155374     
   5.7100000000000000       -4.3894234180607663     
   5.7199999999999998       -4.3025088807781522     
   5.7300000000000004       -4.2173152933273821     
   5.7400000000000002       -4.1338085814932954     
   5.7500000000000000       -4.0519553456626589     
   5.7599999999999998       -3.9717228474706090     
   5.7700000000000005       -3.8930789967112820     
   5.7800000000000002       -3.8159923385075167     
   5.7900000000000000       -3.7404320407343845     
   5.7999999999999998       -3.6663678816916550     
   5.8100000000000005       -3.5937702380201899     
   5.8200000000000003       -3.5226100728574923     
   5.8300000000000001       -3.4528589242275993     
   5.8399999999999999       -3.3844888936607989     
   5.8500000000000005       -3.3174726350385311     
   5.8600000000000003       -3.2517833436590888     
   5.8700000000000001       -3.1873947455196556     
   5.8799999999999999       -3.1242810868105222     
   5.8899999999999997       -3.0624171236171946     
   5.9000000000000004       -3.0017781118263112     
   5.9100000000000001       -2.9423397972313632     
   5.9199999999999999       -2.8840784058341900     
   5.9299999999999997       -2.8269706343384731     
   5.9400000000000004       -2.7709936408313620     
   5.9500000000000002       -2.7161250356495494     
   5.9600000000000000       -2.6623428724260916     
   5.9699999999999998       -2.6096256393144768     
   5.9800000000000004       -2.5579522503863692     
   5.9900000000000002       -2.5073020371996440     
   6.0000000000000000       -2.4576547405332700     
   6.0099999999999998       -2.4089905022858353     
   6.0200000000000005       -2.3612898575343970     
   6.0300000000000002       -2.3145337267505477     
   6.0400000000000000       -2.2687034081705031     
   6.0499999999999998       -2.2237805703162712     
   6.0600000000000005       -2.1797472446648190     
   6.0700000000000003       -2.1365858184623812     
   6.0800000000000001       -2.0942790276809600     
   6.0899999999999999       -2.0528099501142898     
   6.1000000000000005       -2.0121619986104404     
   6.1100000000000003       -1.9723189144383981     
   6.1200000000000001       -1.9332647607859255     
   6.1299999999999999       -1.8949839163861615     
   6.1400000000000006       -1.8574610692703617     
   6.1500000000000004       -1.8206812106443317     
   6.1600000000000001       -1.7846296288860370     
   6.1699999999999999       -1.7492919036620731     
   6.1799999999999997       -1.7146539001605843     
   6.1900000000000004       -1.6807017634383448     
   6.2000000000000002       -1.6474219128797645     
   6.2100000000000000       -1.6148010367655463     
   6.2199999999999998       -1.5828260869488997     
   6.2300000000000004       -1.5514842736371230     
   6.2400000000000002       -1.5207630602765092     
   6.2500000000000000       -1.4906501585384828     
   6.2599999999999998       -1.4611335234050224     
   6.2700000000000005       -1.4322013483513598     
   6.2800000000000002       -1.4038420606240567     
   6.2900000000000000       -1.3760443166125413     
   6.2999999999999998       -1.3487969973122922     
   6.3100000000000005       -1.3220892038778254     
   6.3200000000000003       -1.2959102532637361     
   6.3300000000000001       -1.2702496739520062     
   6.3399999999999999       -1.2450972017639264     
   6.3500000000000005       -1.2204427757549150     
   6.3600000000000003       -1.1962765341906216     
   6.3700000000000001       -1.1725888106026745     
   6.3799999999999999       -1.1493701299225327     
   6.3900000000000006       -1.1266112046918659     
   6.4000000000000004       -1.1043029313479744     
   6.4100000000000001       -1.0824363865827284     
   6.4199999999999999       -1.0610028237736102     
   6.4299999999999997       -1.0399936694854066     
   6.4400000000000004       -1.0194005200411600     
   6.4500000000000002      -0.99921513816101570     
   6.4600000000000000      -0.97942944966759848     
   6.4699999999999998      -0.96003554025663007     
   6.4800000000000004      -0.94102565233147573     
   6.4900000000000002      -0.92239218190037064     
   6.5000000000000000      -0.90412767553505702     
   6.5099999999999998      -0.88622482738965547     
   6.5200000000000005      -0.86867647627854450     
   6.5300000000000002      -0.85147560281210677     
   6.5400000000000000      -0.83461532658916382     
   6.5499999999999998      -0.81808890344501606     
   6.5600000000000005      -0.80188972275395620     
   6.5700000000000003      -0.78601130478519932     
   6.5800000000000001      -0.77044729811114654     
   6.5899999999999999      -0.75519147706697787     
   6.6000000000000005      -0.74023773926053327     
   6.6100000000000003      -0.72558010313150278     
   6.6200000000000001      -0.71121270555893001     
   6.6299999999999999      -0.69712979951609644     
   6.6400000000000006      -0.68332575177183019     
   6.6500000000000004      -0.66979504063733386     
   6.6600000000000001      -0.65653225375761093     
   6.6699999999999999      -0.64353208594663269     
   6.6799999999999997      -0.63078933706535978     
   6.6900000000000004      -0.61829890994177961     
   6.7000000000000002      -0.60605580833212902     
   6.7100000000000000      -0.59405513492247397     
   6.7199999999999998      -0.58229208936986676     
   6.7300000000000004      -0.57076196638228094     
   6.7400000000000002      -0.55946015383656877     
   6.7500000000000000      -0.54838213093367272     
   6.7599999999999998      -0.53752346639037063     
   6.7700000000000005      -0.52687981666682104     
   6.7800000000000002      -0.51644692422920546     
   6.7900000000000000      -0.50622061584676104     
   6.7999999999999998      -0.49619680092254137     
   6.8100000000000005      -0.48637146985722152     
   6.8200000000000003      -0.47674069244530515     
   6.8300000000000001      -0.46730061630307673     
   6.8399999999999999      -0.45804746532768986     
   6.8500000000000005      -0.44897753818675956     
   6.8600000000000003      -0.44008720683786523     
   6.8700000000000001      -0.43137291507735953     
   6.8799999999999999      -0.42283117711791862     
   6.8900000000000006      -0.41445857619425236     
   6.9000000000000004      -0.40625176319642536     
   6.9100000000000001      -0.39820745533023122     
   6.9199999999999999      -0.39032243480409901     
   6.9299999999999997      -0.38259354754199509     
   6.9400000000000004      -0.37501770192180922     
   6.9500000000000002      -0.36759186753872514     
   6.9600000000000000      -0.36031307399306911     
   6.9699999999999998      -0.35317840970216563     
   6.9800000000000004      -0.34618502073571605     
   6.9900000000000002      -0.33933010967423899     
   7.0000000000000000      -0.33261093449010848     
   7.0099999999999998      -0.32602480745075496     
   7.0200000000000005      -0.31956909404357714     
   7.0300000000000002      -0.31324121192214682     
   7.0400000000000000      -0.30703862987327218     
   7.0499999999999998      -0.30095886680451905     
   7.0600000000000005      -0.29499949075177773     
   7.0700000000000003      -0.28915811790648133     
   7.0800000000000001      -0.28343241166208238     
   7.0899999999999999      -0.27782008167941363     
   7.1000000000000005      -0.27231888297055201     
   7.1100000000000003      -0.26692661500082637     
   7.1200000000000001      -0.26164112080859991     
   7.1299999999999999      -0.25646028614248684     
   7.1400000000000006      -0.25138203861564917     
   7.1500000000000004      -0.24640434687684279     
   7.1600000000000001      -0.24152521979787084     
   7.1699999999999999      -0.23674270567713232     
   7.1799999999999997      -0.23205489145893746     
   7.1900000000000004      -0.22745990196828147     
   7.2000000000000002      -0.22295589916077266     
   7.2100000000000000      -0.21854108138740733     
   7.2199999999999998      -0.21421368267390797     
   7.2300000000000004      -0.20997197201432738     
   7.2400000000000002      -0.20581425267864303     
   7.2500000000000000      -0.20173886153405740     
   7.2599999999999998      -0.19774416837974060     
   7.2700000000000005      -0.19382857529474382     
   7.2800000000000002      -0.18999051599882602     
   7.2900000000000000      -0.18622845522593395     
   7.2999999999999998      -0.18254088811009053     
   7.3100000000000005      -0.17892633958344137     
   7.3200000000000003      -0.17538336378622246     
   7.3300000000000001      -0.17191054348840734     
   7.3399999999999999      -0.16850648952280978     
   7.3500000000000005      -0.16516984022940917     
   7.3600000000000003      -0.16189926091068077     
   7.3700000000000001      -0.15869344329770779     
   7.3799999999999999      -0.15555110502686786     
   7.3900000000000006      -0.15247098912687973     
   7.4000000000000004      -0.14945186351600856     
   7.4100000000000001      -0.14649252050922437     
   7.4199999999999999      -0.14359177633512174     
   7.4299999999999997      -0.14074847066240348     
   7.4400000000000004      -0.13796146613574062     
   7.4500000000000002      -0.13522964792082379     
   7.4600000000000000      -0.13255192325842072     
   7.4699999999999998      -0.12992722102726587     
   7.4800000000000004      -0.12735449131560439     
   7.4900000000000002      -0.12483270500122069     
   7.5000000000000000      -0.12236085333978092     
   7.5099999999999998      -0.11993794756132879     
   7.5200000000000005      -0.11756301847476992     
   7.5300000000000002      -0.11523511608018876     
   7.5400000000000000      -0.11295330918884032     
   7.5499999999999998      -0.11071668505066812     
   7.5600000000000005      -0.10852434898919683     
   7.5700000000000003      -0.10637542404365499     
   7.5800000000000001      -0.10426905061818285     
   7.5899999999999999      -0.10220438613798742     
   7.6000000000000005      -0.10018060471230547     
   7.6100000000000003       -9.8196896804040867E-002
   7.6200000000000001       -9.6252468905941871E-002
   7.6299999999999999       -9.4346543223192136E-002
   7.6400000000000006       -9.2478357362285629E-002
   7.6500000000000004       -9.0647164026063390E-002
   7.6600000000000001       -8.8852230714786901E-002
   7.6699999999999999       -8.7092839433132299E-002
   7.6799999999999997       -8.5368286402985744E-002
   7.6900000000000004       -8.3677881781925451E-002
   7.7000000000000002       -8.2020949387279135E-002
   7.7100000000000000       -8.0396826425643622E-002
   7.7199999999999998       -7.8804863227761979E-002
   7.7300000000000004       -7.7244422988649378E-002
   7.7400000000000002       -7.5714881512865581E-002
   7.7500000000000000       -7.4215626964829931E-002
   7.7599999999999998       -7.2746059624081830E-002
   7.7700000000000005       -7.1305591645386426E-002
   7.7800000000000002       -6.9893646823591185E-002
   7.7900000000000000       -6.8509660363137478E-002
   7.7999999999999998       -6.7153078652137196E-002
   7.8100000000000005       -6.5823359040922277E-002
   7.8200000000000003       -6.4519969624979676E-002
   7.8300000000000001       -6.3242389032183696E-002
   7.8399999999999999       -6.1990106214242065E-002
   7.8500000000000005       -6.0762620242271338E-002
   7.8600000000000003       -5.9559440106420412E-002
   7.8700000000000001       -5.8380084519461015E-002
   7.8799999999999999       -5.7224081724268093E-002
   7.8900000000000006       -5.6090969305111871E-002
   7.9000000000000004       -5.4980294002687009E-002
   7.9100000000000001       -5.3891611532803557E-002
   7.9199999999999999       -5.2824486408668901E-002
   7.9300000000000006       -5.1778491766688153E-002
   7.9400000000000004       -5.0753209195714501E-002
   7.9500000000000002       -4.9748228569679705E-002
   7.9600000000000000       -4.8763147883539554E-002
   7.9699999999999998       -4.7797573092467356E-002
   7.9800000000000004       -4.6851117954231580E-002
   7.9900000000000002       -4.5923403874695137E-002
   8.0000000000000000       -4.5014059756372911E-002
   8.0099999999999998       -4.4122721849989090E-002
   8.0199999999999996       -4.3249033608973239E-002
   8.0299999999999994       -4.2392645546837700E-002
   8.0400000000000009       -4.1553215097378929E-002
   8.0500000000000007       -4.0730406477647772E-002
   8.0600000000000005       -3.9923890553631561E-002
   8.0700000000000003       -3.9133344708597327E-002
   8.0800000000000001       -3.8358452714041383E-002
   8.0899999999999999       -3.7598904603194205E-002
   8.0999999999999996       -3.6854396547030252E-002
   8.1099999999999994       -3.6124630732732768E-002
   8.1200000000000010       -3.5409315244565177E-002
   8.1300000000000008       -3.4708163947101876E-002
   8.1400000000000006       -3.4020896370769951E-002
   8.1500000000000004       -3.3347237599658651E-002
   8.1600000000000001       -3.2686918161549630E-002
   8.1699999999999999       -3.2039673920124953E-002
   8.1799999999999997       -3.1405245969309388E-002
   8.1899999999999995       -3.0783380529705025E-002
   8.1999999999999993       -3.0173828847076437E-002
   8.2100000000000009       -2.9576347092846001E-002
   8.2200000000000006       -2.8990696266559906E-002
   8.2300000000000004       -2.8416642100284620E-002
   8.2400000000000002       -2.7853954964897207E-002
   8.2500000000000000       -2.7302409778230945E-002
   8.2599999999999998       -2.6761785915039679E-002
   8.2699999999999996       -2.6231867118745127E-002
   8.2799999999999994       -2.5712441414931609E-002
   8.2900000000000009       -2.5203301026553663E-002
   8.3000000000000007       -2.4704242290823044E-002
   8.3100000000000005       -2.4215065577740634E-002
   8.3200000000000003       -2.3735575210242367E-002
   8.3300000000000001       -2.3265579385925932E-002
   8.3399999999999999       -2.2804890100327449E-002
   8.3499999999999996       -2.2353323071717460E-002
   8.3599999999999994       -2.1910697667385910E-002
   8.3700000000000010       -2.1476836831386816E-002
   8.3800000000000008       -2.1051567013714013E-002
   8.3900000000000006       -2.0634718100878548E-002
   8.4000000000000004       -2.0226123347861499E-002
   8.4100000000000001       -1.9825619311413842E-002
   8.4199999999999999       -1.9433045784677146E-002
   8.4299999999999997       -1.9048245733098816E-002
   8.4399999999999995       -1.8671065231616345E-002
   8.4499999999999993       -1.8301353403085377E-002
   8.4600000000000009       -1.7938962357926899E-002
   8.4700000000000006       -1.7583747134969855E-002
   8.4800000000000004       -1.7235565643464450E-002
   8.4900000000000002       -1.6894278606244342E-002
   8.5000000000000000       -1.6559749504014003E-002
   8.5099999999999998       -1.6231844520739253E-002
   8.5199999999999996       -1.5910432490119173E-002
   8.5299999999999994       -1.5595384843117959E-002
   8.5400000000000009       -1.5286575556535646E-002
   8.5500000000000007       -1.4983881102597412E-002
   8.5600000000000005       -1.4687180399540641E-002
   8.5700000000000003       -1.4396354763180864E-002
   8.5800000000000001       -1.4111287859436588E-002
   8.5899999999999999       -1.3831865657794123E-002
   8.5999999999999996       -1.3557976385694002E-002
   8.6099999999999994       -1.3289510483820485E-002
   8.6200000000000010       -1.3026360562276448E-002
   8.6300000000000008       -1.2768421357626202E-002
   8.6400000000000006       -1.2515589690788535E-002
   8.6500000000000004       -1.2267764425763944E-002
   8.6600000000000001       -1.2024846429178889E-002
   8.6699999999999999       -1.1786738530631209E-002
   8.6799999999999997       -1.1553345483820681E-002
   8.6899999999999995       -1.1324573928449334E-002
   8.7000000000000011       -1.1100332352876051E-002
   8.7100000000000009       -1.0880531057510938E-002
   8.7200000000000006       -1.0665082118934079E-002
   8.7300000000000004       -1.0453899354725205E-002
   8.7400000000000002       -1.0246898288989588E-002
   8.7500000000000000       -1.0043996118566606E-002
   8.7599999999999998       -9.8451116799073909E-003
   8.7699999999999996       -9.6501654166083872E-003
   8.7799999999999994       -9.4590793475877680E-003
   8.7900000000000009       -9.2717770358919562E-003
   8.8000000000000007       -9.0881835581199961E-003
   8.8100000000000005       -8.9082254744530277E-003
   8.8200000000000003       -8.7318307992775446E-003
   8.8300000000000001       -8.5589289723901896E-003
   8.8399999999999999       -8.3894508307727610E-003
   8.8499999999999996       -8.2233285809261113E-003
   8.8599999999999994       -8.0604957717518664E-003
   8.8700000000000010       -7.9008872679711094E-003
   8.8800000000000008       -7.7444392240695326E-003
   8.8900000000000006       -7.5910890587582306E-003
   8.9000000000000004       -7.4407754299404966E-003
   8.9100000000000001       -7.2934382101741543E-003
   8.9199999999999999       -7.1490184626198027E-003
   8.9299999999999997       -7.0074584174653134E-003
   8.9399999999999995       -6.8687014488171593E-003
   8.9500000000000011       -6.7326920520492930E-003
   8.9600000000000009       -6.5993758216006757E-003
   8.9700000000000006       -6.4686994292121967E-003
   8.9800000000000004       -6.3406106025947701E-003
   8.9900000000000002       -6.2150581045197226E-003
   9.0000000000000000       -6.0919917123232296E-003
   9.0099999999999998       -5.9713621978165939E-003
   9.0199999999999996       -5.8531213075943287E-003
   9.0299999999999994       -5.7372217437321729E-003
   9.0400000000000009       -5.6236171448672718E-003
   9.0500000000000007       -5.5122620676531179E-003
   9.0600000000000005       -5.4031119685814906E-003
   9.0700000000000003       -5.2961231861645575E-003
   9.0800000000000001       -5.1912529234696882E-003
   9.0899999999999999       -5.0884592310001149E-003
   9.0999999999999996       -4.9877009899145855E-003
   9.1099999999999994       -4.8889378955793037E-003
   9.1200000000000010       -4.7921304414455081E-003
   9.1300000000000008       -4.6972399032464210E-003
   9.1400000000000006       -4.6042283235069297E-003
   9.1500000000000004       -4.5130584963601538E-003
   9.1600000000000001       -4.4236939526646115E-003
   9.1699999999999999       -4.3360989454160745E-003
   9.1799999999999997       -4.2502384354482963E-003
   9.1899999999999995       -4.1660780774168942E-003
   9.2000000000000011       -4.0835842060607391E-003
   9.2100000000000009       -4.0027238227354663E-003
   9.2200000000000006       -3.9234645822135029E-003
   9.2300000000000004       -3.8457747797456085E-003
   9.2400000000000002       -3.7696233383785372E-003
   9.2500000000000000       -3.6949797965238574E-003
   9.2599999999999998       -3.6218142957729106E-003
   9.2699999999999996       -3.5500975689530564E-003
   9.2799999999999994       -3.4798009284204160E-003
   9.2900000000000009       -3.4108962545844296E-003
   9.3000000000000007       -3.3433559846596963E-003
   9.3100000000000005       -3.2771531016404206E-003
   9.3200000000000003       -3.2122611234933103E-003
   9.3300000000000001       -3.1486540925643935E-003
   9.3399999999999999       -3.0863065651956238E-003
   9.3499999999999996       -3.0251936015470732E-003
   9.3599999999999994       -2.9652907556206743E-003
   9.3700000000000010       -2.9065740654814838E-003
   9.3800000000000008       -2.8490200436726361E-003
   9.3900000000000006       -2.7926056678199895E-003
   9.4000000000000004       -2.7373083714229093E-003
   9.4100000000000001       -2.6831060348273643E-003
   9.4199999999999999       -2.6299769763777738E-003
   9.4299999999999997       -2.5778999437440536E-003
   9.4399999999999995       -2.5268541054204083E-003
   9.4500000000000011       -2.4768190423924432E-003
   9.4600000000000009       -2.4277747399693247E-003
   9.4700000000000006       -2.3797015797775846E-003
   9.4800000000000004       -2.3325803319135504E-003
   9.4900000000000002       -2.2863921472511149E-003
   9.5000000000000000       -2.2411185499018453E-003
   9.5099999999999998       -2.1967414298243739E-003
   9.5199999999999996       -2.1532430355801504E-003
   9.5299999999999994       -2.1106059672326245E-003
   9.5400000000000009       -2.0688131693870405E-003
   9.5500000000000007       -2.0278479243680779E-003
   9.5600000000000005       -1.9876938455325186E-003
   9.5700000000000003       -1.9483348707144009E-003
   9.5800000000000001       -1.9097552557999331E-003
   9.5899999999999999       -1.8719395684296414E-003
   9.5999999999999996       -1.8348726818252208E-003
   9.6099999999999994       -1.7985397687386212E-003
   9.6200000000000010       -1.7629262955209490E-003
   9.6300000000000008       -1.7280180163088388E-003
   9.6400000000000006       -1.6938009673258796E-003
   9.6500000000000004       -1.6602614612969485E-003
   9.6600000000000001       -1.6273860819731091E-003
   9.6699999999999999       -1.5951616787649365E-003
   9.6799999999999997       -1.5635753614821060E-003
   9.6899999999999995       -1.5326144951771468E-003
   9.7000000000000011       -1.5022666950912896E-003
   9.7100000000000009       -1.4725198217004204E-003
   9.7200000000000006       -1.4433619758590791E-003
   9.7300000000000004       -1.4147814940406627E-003
   9.7400000000000002       -1.3867669436718559E-003
   9.7500000000000000       -1.3593071185594495E-003
   9.7599999999999998       -1.3323910344077146E-003
   9.7699999999999996       -1.3060079244245407E-003
   9.7799999999999994       -1.2801472350145717E-003
   9.7900000000000009       -1.2547986215576277E-003
   9.8000000000000007       -1.2299519442707332E-003
   9.8100000000000005       -1.2055972641520471E-003
   9.8200000000000003       -1.1817248390051443E-003
   9.8300000000000001       -1.1583251195420043E-003
   9.8399999999999999       -1.1353887455631702E-003
   9.8499999999999996       -1.1129065422135441E-003
   9.8599999999999994       -1.0908695163123227E-003
   9.8700000000000010       -1.0692688527556015E-003
   9.8800000000000008       -1.0480959109902337E-003
   9.8900000000000006       -1.0273422215574687E-003
   9.9000000000000004       -1.0069994827050712E-003
   9.9100000000000001       -9.8705955706650966E-004
   9.9199999999999999       -9.6751446840589756E-004
   9.9299999999999997       -9.4835639842739516E-004
   9.9399999999999995       -9.2957768364778748E-004
   9.9500000000000011       -9.1117081233098394E-004
   9.9600000000000009       -8.9312842148324021E-004
   9.9700000000000006       -8.7544329390784072E-004
   9.9800000000000004       -8.5810835531813787E-004
   9.9900000000000002       -8.4111667150774084E-004
   10.000000000000000       -8.2446144557673986E-004
