 # energy=   1.0000000000000000E-003
  0.00000000E+00  0.00000000E+00
  1.00000000E-02  3.06905724E-07
  2.00000000E-02  9.41960428E-07
  3.00000000E-02  1.92867572E-06
  4.00000000E-02  3.28707875E-06
  5.00000000E-02  5.03389946E-06
  6.00000000E-02  7.18275795E-06
  7.00000000E-02  9.74435175E-06
  8.00000000E-02  1.27266431E-05
  9.00000000E-02  1.61350464E-05
  1.00000000E-01  1.99726152E-05
  1.10000000E-01  2.42402299E-05
  1.20000000E-01  2.89367847E-05
  1.30000000E-01  3.40593752E-05
  1.40000000E-01  3.96034854E-05
  1.50000000E-01  4.55631754E-05
  1.60000000E-01  5.19312683E-05
  1.70000000E-01  5.86995377E-05
  1.80000000E-01  6.58588951E-05
  1.90000000E-01  7.33995769E-05
  2.00000000E-01  8.13113320E-05
  2.10000000E-01  8.95836090E-05
  2.20000000E-01  9.82057436E-05
  2.30000000E-01  1.07167146E-04
  2.40000000E-01  1.16457487E-04
  2.50000000E-01  1.26066887E-04
  2.60000000E-01  1.35986103E-04
  2.70000000E-01  1.46206706E-04
  2.80000000E-01  1.56721152E-04
  2.90000000E-01  1.67522733E-04
  3.00000000E-01  1.78605489E-04
  3.10000000E-01  1.89964130E-04
  3.20000000E-01  2.01593951E-04
  3.30000000E-01  2.13490753E-04
  3.40000000E-01  2.25650760E-04
  3.50000000E-01  2.38070536E-04
  3.60000000E-01  2.50746905E-04
  3.70000000E-01  2.63676867E-04
  3.80000000E-01  2.76857519E-04
  3.90000000E-01  2.90285969E-04
  4.00000000E-01  3.03959260E-04
  4.10000000E-01  3.17874280E-04
  4.20000000E-01  3.32027690E-04
  4.30000000E-01  3.46415832E-04
  4.40000000E-01  3.61034656E-04
  4.50000000E-01  3.75879630E-04
  4.60000000E-01  3.90945666E-04
  4.70000000E-01  4.06227031E-04
  4.80000000E-01  4.21717272E-04
  4.90000000E-01  4.37409127E-04
  5.00000000E-01  4.53294448E-04
  5.10000000E-01  4.69364119E-04
  5.20000000E-01  4.85607971E-04
  5.30000000E-01  5.02014725E-04
  5.40000000E-01  5.18572026E-04
  5.50000000E-01  5.35266542E-04
  5.60000000E-01  5.52084069E-04
  5.70000000E-01  5.69009634E-04
  5.80000000E-01  5.86027601E-04
  5.90000000E-01  6.03121773E-04
  6.00000000E-01  6.20275500E-04
  6.10000000E-01  6.37471780E-04
  6.20000000E-01  6.54693365E-04
  6.30000000E-01  6.71922863E-04
  6.40000000E-01  6.89142847E-04
  6.50000000E-01  7.06335956E-04
  6.60000000E-01  7.23484997E-04
  6.70000000E-01  7.40573058E-04
  6.80000000E-01  7.57583600E-04
  6.90000000E-01  7.74500574E-04
  7.00000000E-01  7.91308516E-04
  7.10000000E-01  8.07992654E-04
  7.20000000E-01  8.24539016E-04
  7.30000000E-01  8.40934529E-04
  7.40000000E-01  8.57167127E-04
  7.50000000E-01  8.73225854E-04
  7.60000000E-01  8.89100968E-04
  7.70000000E-01  9.04784046E-04
  7.80000000E-01  9.20268085E-04
  7.90000000E-01  9.35547567E-04
  8.00000000E-01  9.50618424E-04
  8.10000000E-01  9.65477983E-04
  8.20000000E-01  9.80124901E-04
  8.30000000E-01  9.94559108E-04
  8.40000000E-01  1.00878174E-03
  8.50000000E-01  1.02279509E-03
  8.60000000E-01  1.03660253E-03
  8.70000000E-01  1.05020845E-03
  8.80000000E-01  1.06361824E-03
  8.90000000E-01  1.07683816E-03
  9.00000000E-01  1.08987534E-03
  9.10000000E-01  1.10273766E-03
  9.20000000E-01  1.11543375E-03
  9.30000000E-01  1.12797290E-03
  9.40000000E-01  1.14036499E-03
  9.50000000E-01  1.15262043E-03
  9.60000000E-01  1.16475014E-03
  9.70000000E-01  1.17676542E-03
  9.80000000E-01  1.18867795E-03
  9.90000000E-01  1.20049970E-03
  1.00000000E+00  1.21224288E-03
  1.01000000E+00  1.22391984E-03
  1.02000000E+00  1.23554309E-03
  1.03000000E+00  1.24712516E-03
  1.04000000E+00  1.25867859E-03
  1.05000000E+00  1.27021584E-03
  1.06000000E+00  1.28174931E-03
  1.07000000E+00  1.29329128E-03
  1.08000000E+00  1.30485388E-03
  1.09000000E+00  1.31644909E-03
  1.10000000E+00  1.32808866E-03
  1.11000000E+00  1.33978416E-03
  1.12000000E+00  1.35154685E-03
  1.13000000E+00  1.36338775E-03
  1.14000000E+00  1.37531756E-03
  1.15000000E+00  1.38734662E-03
  1.16000000E+00  1.39948492E-03
  1.17000000E+00  1.41174207E-03
  1.18000000E+00  1.42412721E-03
  1.19000000E+00  1.43664907E-03
  1.20000000E+00  1.44931589E-03
  1.21000000E+00  1.46213538E-03
  1.22000000E+00  1.47511473E-03
  1.23000000E+00  1.48826057E-03
  1.24000000E+00  1.50157893E-03
  1.25000000E+00  1.51507520E-03
  1.26000000E+00  1.52875414E-03
  1.27000000E+00  1.54261984E-03
  1.28000000E+00  1.55667565E-03
  1.29000000E+00  1.57092422E-03
  1.30000000E+00  1.58536743E-03
  1.31000000E+00  1.60000642E-03
  1.32000000E+00  1.61484167E-03
  1.33000000E+00  1.62987301E-03
  1.34000000E+00  1.64509970E-03
  1.35000000E+00  1.66052046E-03
  1.36000000E+00  1.67613350E-03
  1.37000000E+00  1.69193662E-03
  1.38000000E+00  1.70792721E-03
  1.39000000E+00  1.72410233E-03
  1.40000000E+00  1.74045873E-03
  1.41000000E+00  1.75699295E-03
  1.42000000E+00  1.77370129E-03
  1.43000000E+00  1.79057993E-03
  1.44000000E+00  1.80762494E-03
  1.45000000E+00  1.82483234E-03
  1.46000000E+00  1.84219815E-03
  1.47000000E+00  1.85971844E-03
  1.48000000E+00  1.87738938E-03
  1.49000000E+00  1.89520725E-03
  1.50000000E+00  1.91316857E-03
  1.51000000E+00  1.93127007E-03
  1.52000000E+00  1.94950877E-03
  1.53000000E+00  1.96788205E-03
  1.54000000E+00  1.98638765E-03
  1.55000000E+00  2.00502375E-03
  1.56000000E+00  2.02378901E-03
  1.57000000E+00  2.04268251E-03
  1.58000000E+00  2.06170374E-03
  1.59000000E+00  2.08085259E-03
  1.60000000E+00  2.10012928E-03
  1.61000000E+00  2.11953437E-03
  1.62000000E+00  2.13906870E-03
  1.63000000E+00  2.15873339E-03
  1.64000000E+00  2.17852978E-03
  1.65000000E+00  2.19845940E-03
  1.66000000E+00  2.21852398E-03
  1.67000000E+00  2.23872538E-03
  1.68000000E+00  2.25906557E-03
  1.69000000E+00  2.27954661E-03
  1.70000000E+00  2.30017061E-03
  1.71000000E+00  2.32093970E-03
  1.72000000E+00  2.34185601E-03
  1.73000000E+00  2.36292164E-03
  1.74000000E+00  2.38413861E-03
  1.75000000E+00  2.40550885E-03
  1.76000000E+00  2.42703417E-03
  1.77000000E+00  2.44871622E-03
  1.78000000E+00  2.47055646E-03
  1.79000000E+00  2.49255614E-03
  1.80000000E+00  2.51471627E-03
  1.81000000E+00  2.53703758E-03
  1.82000000E+00  2.55952053E-03
  1.83000000E+00  2.58216531E-03
  1.84000000E+00  2.60497187E-03
  1.85000000E+00  2.62793994E-03
  1.86000000E+00  2.65106903E-03
  1.87000000E+00  2.67435848E-03
  1.88000000E+00  2.69780745E-03
  1.89000000E+00  2.72141493E-03
  1.90000000E+00  2.74517982E-03
  1.91000000E+00  2.76910086E-03
  1.92000000E+00  2.79317671E-03
  1.93000000E+00  2.81740596E-03
  1.94000000E+00  2.84178712E-03
  1.95000000E+00  2.86631867E-03
  1.96000000E+00  2.89099908E-03
  1.97000000E+00  2.91582677E-03
  1.98000000E+00  2.94080022E-03
  1.99000000E+00  2.96591791E-03
  2.00000000E+00  2.99117838E-03
  2.01000000E+00  3.01658023E-03
  2.02000000E+00  3.04212216E-03
  2.03000000E+00  3.06780296E-03
  2.04000000E+00  3.09362154E-03
  2.05000000E+00  3.11957696E-03
  2.06000000E+00  3.14566844E-03
  2.07000000E+00  3.17189535E-03
  2.08000000E+00  3.19825725E-03
  2.09000000E+00  3.22475385E-03
  2.10000000E+00  3.25138501E-03
  2.11000000E+00  3.27815073E-03
  2.12000000E+00  3.30505111E-03
  2.13000000E+00  3.33208640E-03
  2.14000000E+00  3.35925693E-03
  2.15000000E+00  3.38656311E-03
  2.16000000E+00  3.41400547E-03
  2.17000000E+00  3.44158456E-03
  2.18000000E+00  3.46930102E-03
  2.19000000E+00  3.49715554E-03
  2.20000000E+00  3.52514881E-03
  2.21000000E+00  3.55328159E-03
  2.22000000E+00  3.58155463E-03
  2.23000000E+00  3.60996866E-03
  2.24000000E+00  3.63852445E-03
  2.25000000E+00  3.66722272E-03
  2.26000000E+00  3.69606415E-03
  2.27000000E+00  3.72504940E-03
  2.28000000E+00  3.75417907E-03
  2.29000000E+00  3.78345368E-03
  2.30000000E+00  3.81287370E-03
  2.31000000E+00  3.84243949E-03
  2.32000000E+00  3.87215133E-03
  2.33000000E+00  3.90200938E-03
  2.34000000E+00  3.93201372E-03
  2.35000000E+00  3.96216432E-03
  2.36000000E+00  3.99246107E-03
  2.37000000E+00  4.02290381E-03
  2.38000000E+00  4.05349226E-03
  2.39000000E+00  4.08422611E-03
  2.40000000E+00  4.11510499E-03
  2.41000000E+00  4.14612845E-03
  2.42000000E+00  4.17729604E-03
  2.43000000E+00  4.20860724E-03
  2.44000000E+00  4.24006151E-03
  2.45000000E+00  4.27165827E-03
  2.46000000E+00  4.30339696E-03
  2.47000000E+00  4.33527697E-03
  2.48000000E+00  4.36729772E-03
  2.49000000E+00  4.39945859E-03
  2.50000000E+00  4.43175901E-03
  2.51000000E+00  4.46419841E-03
  2.52000000E+00  4.49677625E-03
  2.53000000E+00  4.52949200E-03
  2.54000000E+00  4.56234519E-03
  2.55000000E+00  4.59533538E-03
  2.56000000E+00  4.62846219E-03
  2.57000000E+00  4.66172529E-03
  2.58000000E+00  4.69512440E-03
  2.59000000E+00  4.72865934E-03
  2.60000000E+00  4.76232995E-03
  2.61000000E+00  4.79613615E-03
  2.62000000E+00  4.83007790E-03
  2.63000000E+00  4.86415522E-03
  2.64000000E+00  4.89836815E-03
  2.65000000E+00  4.93271680E-03
  2.66000000E+00  4.96720128E-03
  2.67000000E+00  5.00182177E-03
  2.68000000E+00  5.03657845E-03
  2.69000000E+00  5.07147153E-03
  2.70000000E+00  5.10650123E-03
  2.71000000E+00  5.14166780E-03
  2.72000000E+00  5.17697149E-03
  2.73000000E+00  5.21241257E-03
  2.74000000E+00  5.24799129E-03
  2.75000000E+00  5.28370791E-03
  2.76000000E+00  5.31956268E-03
  2.77000000E+00  5.35555585E-03
  2.78000000E+00  5.39168765E-03
  2.79000000E+00  5.42795828E-03
  2.80000000E+00  5.46436794E-03
  2.81000000E+00  5.50091678E-03
  2.82000000E+00  5.53760493E-03
  2.83000000E+00  5.57443249E-03
  2.84000000E+00  5.61139952E-03
  2.85000000E+00  5.64850603E-03
  2.86000000E+00  5.68575201E-03
  2.87000000E+00  5.72313741E-03
  2.88000000E+00  5.76066216E-03
  2.89000000E+00  5.79832615E-03
  2.90000000E+00  5.83612927E-03
  2.91000000E+00  5.87407134E-03
  2.92000000E+00  5.91215222E-03
  2.93000000E+00  5.95037171E-03
  2.94000000E+00  5.98872961E-03
  2.95000000E+00  6.02722570E-03
  2.96000000E+00  6.06585978E-03
  2.97000000E+00  6.10463160E-03
  2.98000000E+00  6.14354093E-03
  2.99000000E+00  6.18258755E-03
  3.00000000E+00  6.22177120E-03
  3.01000000E+00  6.26109166E-03
  3.02000000E+00  6.30054871E-03
  3.03000000E+00  6.34014212E-03
  3.04000000E+00  6.37987168E-03
  3.05000000E+00  6.41973721E-03
  3.06000000E+00  6.45973851E-03
  3.07000000E+00  6.49987543E-03
  3.08000000E+00  6.54014782E-03
  3.09000000E+00  6.58055556E-03
  3.10000000E+00  6.62109857E-03
  3.11000000E+00  6.66177676E-03
  3.12000000E+00  6.70259009E-03
  3.13000000E+00  6.74353852E-03
  3.14000000E+00  6.78462204E-03
  3.15000000E+00  6.82584064E-03
  3.16000000E+00  6.86719436E-03
  3.17000000E+00  6.90868321E-03
  3.18000000E+00  6.95030724E-03
  3.19000000E+00  6.99206651E-03
  3.20000000E+00  7.03396108E-03
  3.21000000E+00  7.07599101E-03
  3.22000000E+00  7.11815638E-03
  3.23000000E+00  7.16045727E-03
  3.24000000E+00  7.20289377E-03
  3.25000000E+00  7.24546595E-03
  3.26000000E+00  7.28817390E-03
  3.27000000E+00  7.33101770E-03
  3.28000000E+00  7.37399743E-03
  3.29000000E+00  7.41711317E-03
  3.30000000E+00  7.46036498E-03
  3.31000000E+00  7.50375291E-03
  3.32000000E+00  7.54727703E-03
  3.33000000E+00  7.59093737E-03
  3.34000000E+00  7.63473395E-03
  3.35000000E+00  7.67866678E-03
  3.36000000E+00  7.72273588E-03
  3.37000000E+00  7.76694121E-03
  3.38000000E+00  7.81128277E-03
  3.39000000E+00  7.85576050E-03
  3.40000000E+00  7.90037436E-03
  3.41000000E+00  7.94512430E-03
  3.42000000E+00  7.99001025E-03
  3.43000000E+00  8.03503214E-03
  3.44000000E+00  8.08018988E-03
  3.45000000E+00  8.12548340E-03
  3.46000000E+00  8.17091261E-03
  3.47000000E+00  8.21647741E-03
  3.48000000E+00  8.26217770E-03
  3.49000000E+00  8.30801339E-03
  3.50000000E+00  8.35398439E-03
  3.51000000E+00  8.40009058E-03
  3.52000000E+00  8.44633188E-03
  3.53000000E+00  8.49270819E-03
  3.54000000E+00  8.53921941E-03
  3.55000000E+00  8.58586546E-03
  3.56000000E+00  8.63264624E-03
  3.57000000E+00  8.67956169E-03
  3.58000000E+00  8.72661173E-03
  3.59000000E+00  8.77379628E-03
  3.60000000E+00  8.82111530E-03
  3.61000000E+00  8.86856874E-03
  3.62000000E+00  8.91615655E-03
  3.63000000E+00  8.96387871E-03
  3.64000000E+00  9.01173518E-03
  3.65000000E+00  9.05972595E-03
  3.66000000E+00  9.10785101E-03
  3.67000000E+00  9.15611036E-03
  3.68000000E+00  9.20450399E-03
  3.69000000E+00  9.25303190E-03
  3.70000000E+00  9.30169411E-03
  3.71000000E+00  9.35049062E-03
  3.72000000E+00  9.39942146E-03
  3.73000000E+00  9.44848663E-03
  3.74000000E+00  9.49768616E-03
  3.75000000E+00  9.54702006E-03
  3.76000000E+00  9.59648836E-03
  3.77000000E+00  9.64609108E-03
  3.78000000E+00  9.69582823E-03
  3.79000000E+00  9.74569984E-03
  3.80000000E+00  9.79570592E-03
  3.81000000E+00  9.84584650E-03
  3.82000000E+00  9.89612157E-03
  3.83000000E+00  9.94653116E-03
  3.84000000E+00  9.99707526E-03
  3.85000000E+00  1.00477539E-02
  3.86000000E+00  1.00985670E-02
  3.87000000E+00  1.01495147E-02
  3.88000000E+00  1.02005968E-02
  3.89000000E+00  1.02518134E-02
  3.90000000E+00  1.03031644E-02
  3.91000000E+00  1.03546499E-02
  3.92000000E+00  1.04062698E-02
  3.93000000E+00  1.04580240E-02
  3.94000000E+00  1.05099126E-02
  3.95000000E+00  1.05619354E-02
  3.96000000E+00  1.06140925E-02
  3.97000000E+00  1.06663838E-02
  3.98000000E+00  1.07188093E-02
  3.99000000E+00  1.07713689E-02
  4.00000000E+00  1.08240625E-02
  4.01000000E+00  1.08768902E-02
  4.02000000E+00  1.09298519E-02
  4.03000000E+00  1.09829475E-02
  4.04000000E+00  1.10361769E-02
  4.05000000E+00  1.10895403E-02
  4.06000000E+00  1.11430374E-02
  4.07000000E+00  1.11966683E-02
  4.08000000E+00  1.12504329E-02
  4.09000000E+00  1.13043312E-02
  4.10000000E+00  1.13583631E-02
  4.11000000E+00  1.14125287E-02
  4.12000000E+00  1.14668278E-02
  4.13000000E+00  1.15212605E-02
  4.14000000E+00  1.15758268E-02
  4.15000000E+00  1.16305266E-02
  4.16000000E+00  1.16853598E-02
  4.17000000E+00  1.17403266E-02
  4.18000000E+00  1.17954269E-02
  4.19000000E+00  1.18506606E-02
  4.20000000E+00  1.19060278E-02
  4.21000000E+00  1.19615285E-02
  4.22000000E+00  1.20171626E-02
  4.23000000E+00  1.20729301E-02
  4.24000000E+00  1.21288311E-02
  4.25000000E+00  1.21848656E-02
  4.26000000E+00  1.22410335E-02
  4.27000000E+00  1.22973348E-02
  4.28000000E+00  1.23537696E-02
  4.29000000E+00  1.24103378E-02
  4.30000000E+00  1.24670394E-02
  4.31000000E+00  1.25238745E-02
  4.32000000E+00  1.25808430E-02
  4.33000000E+00  1.26379449E-02
  4.34000000E+00  1.26951803E-02
  4.35000000E+00  1.27525491E-02
  4.36000000E+00  1.28100513E-02
  4.37000000E+00  1.28676868E-02
  4.38000000E+00  1.29254558E-02
  4.39000000E+00  1.29833582E-02
  4.40000000E+00  1.30413939E-02
  4.41000000E+00  1.30995629E-02
  4.42000000E+00  1.31578653E-02
  4.43000000E+00  1.32163010E-02
  4.44000000E+00  1.32748699E-02
  4.45000000E+00  1.33335722E-02
  4.46000000E+00  1.33924077E-02
  4.47000000E+00  1.34513763E-02
  4.48000000E+00  1.35104782E-02
  4.49000000E+00  1.35697133E-02
  4.50000000E+00  1.36290815E-02
  4.51000000E+00  1.36885828E-02
  4.52000000E+00  1.37482172E-02
  4.53000000E+00  1.38079847E-02
  4.54000000E+00  1.38678853E-02
  4.55000000E+00  1.39279188E-02
  4.56000000E+00  1.39880854E-02
  4.57000000E+00  1.40483849E-02
  4.58000000E+00  1.41088173E-02
  4.59000000E+00  1.41693827E-02
  4.60000000E+00  1.42300810E-02
  4.61000000E+00  1.42909122E-02
  4.62000000E+00  1.43518762E-02
  4.63000000E+00  1.44129730E-02
  4.64000000E+00  1.44742027E-02
  4.65000000E+00  1.45355652E-02
  4.66000000E+00  1.45970605E-02
  4.67000000E+00  1.46586886E-02
  4.68000000E+00  1.47204494E-02
  4.69000000E+00  1.47823430E-02
  4.70000000E+00  1.48443693E-02
  4.71000000E+00  1.49065283E-02
  4.72000000E+00  1.49688200E-02
  4.73000000E+00  1.50312445E-02
  4.74000000E+00  1.50938017E-02
  4.75000000E+00  1.51564915E-02
  4.76000000E+00  1.52193140E-02
  4.77000000E+00  1.52822692E-02
  4.78000000E+00  1.53453570E-02
  4.79000000E+00  1.54085775E-02
  4.80000000E+00  1.54719307E-02
  4.81000000E+00  1.55354164E-02
  4.82000000E+00  1.55990348E-02
  4.83000000E+00  1.56627858E-02
  4.84000000E+00  1.57266695E-02
  4.85000000E+00  1.57906857E-02
  4.86000000E+00  1.58548345E-02
  4.87000000E+00  1.59191159E-02
  4.88000000E+00  1.59835298E-02
  4.89000000E+00  1.60480763E-02
  4.90000000E+00  1.61127553E-02
  4.91000000E+00  1.61775669E-02
  4.92000000E+00  1.62425110E-02
  4.93000000E+00  1.63075876E-02
  4.94000000E+00  1.63727966E-02
  4.95000000E+00  1.64381382E-02
  4.96000000E+00  1.65036121E-02
  4.97000000E+00  1.65692186E-02
  4.98000000E+00  1.66349574E-02
  4.99000000E+00  1.67008287E-02
  5.00000000E+00  1.67668323E-02
  5.01000000E+00  1.68329683E-02
  5.02000000E+00  1.68992367E-02
  5.03000000E+00  1.69656373E-02
  5.04000000E+00  1.70321704E-02
  5.05000000E+00  1.70988357E-02
  5.06000000E+00  1.71656333E-02
  5.07000000E+00  1.72325631E-02
  5.08000000E+00  1.72996252E-02
  5.09000000E+00  1.73668196E-02
  5.10000000E+00  1.74341461E-02
  5.11000000E+00  1.75016049E-02
  5.12000000E+00  1.75691958E-02
  5.13000000E+00  1.76369189E-02
  5.14000000E+00  1.77047742E-02
  5.15000000E+00  1.77727616E-02
  5.16000000E+00  1.78408812E-02
  5.17000000E+00  1.79091328E-02
  5.18000000E+00  1.79775166E-02
  5.19000000E+00  1.80460324E-02
  5.20000000E+00  1.81146803E-02
  5.21000000E+00  1.81834603E-02
  5.22000000E+00  1.82523723E-02
  5.23000000E+00  1.83214163E-02
  5.24000000E+00  1.83905924E-02
  5.25000000E+00  1.84599005E-02
  5.26000000E+00  1.85293406E-02
  5.27000000E+00  1.85989127E-02
  5.28000000E+00  1.86686167E-02
  5.29000000E+00  1.87384528E-02
  5.30000000E+00  1.88084208E-02
  5.31000000E+00  1.88785207E-02
  5.32000000E+00  1.89487526E-02
  5.33000000E+00  1.90191164E-02
  5.34000000E+00  1.90896121E-02
  5.35000000E+00  1.91602398E-02
  5.36000000E+00  1.92309993E-02
  5.37000000E+00  1.93018907E-02
  5.38000000E+00  1.93729140E-02
  5.39000000E+00  1.94440691E-02
  5.40000000E+00  1.95153561E-02
  5.41000000E+00  1.95867749E-02
  5.42000000E+00  1.96583255E-02
  5.43000000E+00  1.97300080E-02
  5.44000000E+00  1.98018222E-02
  5.45000000E+00  1.98737682E-02
  5.46000000E+00  1.99458460E-02
  5.47000000E+00  2.00180556E-02
  5.48000000E+00  2.00903968E-02
  5.49000000E+00  2.01628699E-02
  5.50000000E+00  2.02354746E-02
  5.51000000E+00  2.03082110E-02
  5.52000000E+00  2.03810791E-02
  5.53000000E+00  2.04540789E-02
  5.54000000E+00  2.05272104E-02
  5.55000000E+00  2.06004734E-02
  5.56000000E+00  2.06738682E-02
  5.57000000E+00  2.07473945E-02
  5.58000000E+00  2.08210524E-02
  5.59000000E+00  2.08948420E-02
  5.60000000E+00  2.09687631E-02
  5.61000000E+00  2.10428157E-02
  5.62000000E+00  2.11169999E-02
  5.63000000E+00  2.11913157E-02
  5.64000000E+00  2.12657629E-02
  5.65000000E+00  2.13403417E-02
  5.66000000E+00  2.14150520E-02
  5.67000000E+00  2.14898937E-02
  5.68000000E+00  2.15648669E-02
  5.69000000E+00  2.16399716E-02
  5.70000000E+00  2.17152077E-02
  5.71000000E+00  2.17905753E-02
  5.72000000E+00  2.18660742E-02
  5.73000000E+00  2.19417046E-02
  5.74000000E+00  2.20174663E-02
  5.75000000E+00  2.20933595E-02
  5.76000000E+00  2.21693840E-02
  5.77000000E+00  2.22455399E-02
  5.78000000E+00  2.23218271E-02
  5.79000000E+00  2.23982456E-02
  5.80000000E+00  2.24747955E-02
  5.81000000E+00  2.25514767E-02
  5.82000000E+00  2.26282892E-02
  5.83000000E+00  2.27052330E-02
  5.84000000E+00  2.27823080E-02
  5.85000000E+00  2.28595143E-02
  5.86000000E+00  2.29368519E-02
  5.87000000E+00  2.30143207E-02
  5.88000000E+00  2.30919207E-02
  5.89000000E+00  2.31696520E-02
  5.90000000E+00  2.32475145E-02
  5.91000000E+00  2.33255081E-02
  5.92000000E+00  2.34036330E-02
  5.93000000E+00  2.34818890E-02
  5.94000000E+00  2.35602761E-02
  5.95000000E+00  2.36387944E-02
  5.96000000E+00  2.37174439E-02
  5.97000000E+00  2.37962244E-02
  5.98000000E+00  2.38751361E-02
  5.99000000E+00  2.39541788E-02
  6.00000000E+00  2.40333527E-02
  6.01000000E+00  2.41126576E-02
  6.02000000E+00  2.41920935E-02
  6.03000000E+00  2.42716605E-02
  6.04000000E+00  2.43513586E-02
  6.05000000E+00  2.44311876E-02
  6.06000000E+00  2.45111476E-02
  6.07000000E+00  2.45912387E-02
  6.08000000E+00  2.46714607E-02
  6.09000000E+00  2.47518137E-02
  6.10000000E+00  2.48322976E-02
  6.11000000E+00  2.49129125E-02
  6.12000000E+00  2.49936583E-02
  6.13000000E+00  2.50745350E-02
  6.14000000E+00  2.51555426E-02
  6.15000000E+00  2.52366811E-02
  6.16000000E+00  2.53179505E-02
  6.17000000E+00  2.53993507E-02
  6.18000000E+00  2.54808818E-02
  6.19000000E+00  2.55625437E-02
  6.20000000E+00  2.56443365E-02
  6.21000000E+00  2.57262600E-02
  6.22000000E+00  2.58083144E-02
  6.23000000E+00  2.58904995E-02
  6.24000000E+00  2.59728155E-02
  6.25000000E+00  2.60552622E-02
  6.26000000E+00  2.61378396E-02
  6.27000000E+00  2.62205478E-02
  6.28000000E+00  2.63033867E-02
  6.29000000E+00  2.63863563E-02
  6.30000000E+00  2.64694566E-02
  6.31000000E+00  2.65526877E-02
  6.32000000E+00  2.66360493E-02
  6.33000000E+00  2.67195417E-02
  6.34000000E+00  2.68031647E-02
  6.35000000E+00  2.68869184E-02
  6.36000000E+00  2.69708027E-02
  6.37000000E+00  2.70548176E-02
  6.38000000E+00  2.71389631E-02
  6.39000000E+00  2.72232392E-02
  6.40000000E+00  2.73076459E-02
  6.41000000E+00  2.73921832E-02
  6.42000000E+00  2.74768510E-02
  6.43000000E+00  2.75616493E-02
  6.44000000E+00  2.76465782E-02
  6.45000000E+00  2.77316376E-02
  6.46000000E+00  2.78168276E-02
  6.47000000E+00  2.79021480E-02
  6.48000000E+00  2.79875989E-02
  6.49000000E+00  2.80731803E-02
  6.50000000E+00  2.81588921E-02
  6.51000000E+00  2.82447344E-02
  6.52000000E+00  2.83307071E-02
  6.53000000E+00  2.84168102E-02
  6.54000000E+00  2.85030437E-02
  6.55000000E+00  2.85894076E-02
  6.56000000E+00  2.86759019E-02
  6.57000000E+00  2.87625266E-02
  6.58000000E+00  2.88492817E-02
  6.59000000E+00  2.89361670E-02
  6.60000000E+00  2.90231827E-02
  6.61000000E+00  2.91103288E-02
  6.62000000E+00  2.91976051E-02
  6.63000000E+00  2.92850117E-02
  6.64000000E+00  2.93725486E-02
  6.65000000E+00  2.94602158E-02
  6.66000000E+00  2.95480133E-02
  6.67000000E+00  2.96359409E-02
  6.68000000E+00  2.97239988E-02
  6.69000000E+00  2.98121870E-02
  6.70000000E+00  2.99005053E-02
  6.71000000E+00  2.99889538E-02
  6.72000000E+00  3.00775325E-02
  6.73000000E+00  3.01662414E-02
  6.74000000E+00  3.02550804E-02
  6.75000000E+00  3.03440496E-02
  6.76000000E+00  3.04331489E-02
  6.77000000E+00  3.05223783E-02
  6.78000000E+00  3.06117378E-02
  6.79000000E+00  3.07012274E-02
  6.80000000E+00  3.07908471E-02
  6.81000000E+00  3.08805969E-02
  6.82000000E+00  3.09704767E-02
  6.83000000E+00  3.10604865E-02
  6.84000000E+00  3.11506264E-02
  6.85000000E+00  3.12408963E-02
  6.86000000E+00  3.13312963E-02
  6.87000000E+00  3.14218262E-02
  6.88000000E+00  3.15124860E-02
  6.89000000E+00  3.16032759E-02
  6.90000000E+00  3.16941957E-02
  6.91000000E+00  3.17852455E-02
  6.92000000E+00  3.18764251E-02
  6.93000000E+00  3.19677347E-02
  6.94000000E+00  3.20591742E-02
  6.95000000E+00  3.21507436E-02
  6.96000000E+00  3.22424429E-02
  6.97000000E+00  3.23342721E-02
  6.98000000E+00  3.24262311E-02
  6.99000000E+00  3.25183199E-02
  7.00000000E+00  3.26105386E-02
  7.01000000E+00  3.27028871E-02
  7.02000000E+00  3.27953653E-02
  7.03000000E+00  3.28879734E-02
  7.04000000E+00  3.29807113E-02
  7.05000000E+00  3.30735789E-02
  7.06000000E+00  3.31665763E-02
  7.07000000E+00  3.32597034E-02
  7.08000000E+00  3.33529602E-02
  7.09000000E+00  3.34463468E-02
  7.10000000E+00  3.35398630E-02
  7.11000000E+00  3.36335090E-02
  7.12000000E+00  3.37272846E-02
  7.13000000E+00  3.38211899E-02
  7.14000000E+00  3.39152248E-02
  7.15000000E+00  3.40093894E-02
  7.16000000E+00  3.41036836E-02
  7.17000000E+00  3.41981074E-02
  7.18000000E+00  3.42926608E-02
  7.19000000E+00  3.43873438E-02
  7.20000000E+00  3.44821563E-02
  7.21000000E+00  3.45770985E-02
  7.22000000E+00  3.46721701E-02
  7.23000000E+00  3.47673713E-02
  7.24000000E+00  3.48627021E-02
  7.25000000E+00  3.49581623E-02
  7.26000000E+00  3.50537520E-02
  7.27000000E+00  3.51494712E-02
  7.28000000E+00  3.52453199E-02
  7.29000000E+00  3.53412980E-02
  7.30000000E+00  3.54374056E-02
  7.31000000E+00  3.55336426E-02
  7.32000000E+00  3.56300091E-02
  7.33000000E+00  3.57265049E-02
  7.34000000E+00  3.58231301E-02
  7.35000000E+00  3.59198847E-02
  7.36000000E+00  3.60167687E-02
  7.37000000E+00  3.61137820E-02
  7.38000000E+00  3.62109247E-02
  7.39000000E+00  3.63081967E-02
  7.40000000E+00  3.64055980E-02
  7.41000000E+00  3.65031286E-02
  7.42000000E+00  3.66007885E-02
  7.43000000E+00  3.66985777E-02
  7.44000000E+00  3.67964961E-02
  7.45000000E+00  3.68945438E-02
  7.46000000E+00  3.69927207E-02
  7.47000000E+00  3.70910269E-02
  7.48000000E+00  3.71894622E-02
  7.49000000E+00  3.72880268E-02
  7.50000000E+00  3.73867205E-02
  7.51000000E+00  3.74855434E-02
  7.52000000E+00  3.75844955E-02
  7.53000000E+00  3.76835767E-02
  7.54000000E+00  3.77827871E-02
  7.55000000E+00  3.78821265E-02
  7.56000000E+00  3.79815951E-02
  7.57000000E+00  3.80811928E-02
  7.58000000E+00  3.81809195E-02
  7.59000000E+00  3.82807753E-02
  7.60000000E+00  3.83807602E-02
  7.61000000E+00  3.84808741E-02
  7.62000000E+00  3.85811170E-02
  7.63000000E+00  3.86814889E-02
  7.64000000E+00  3.87819899E-02
  7.65000000E+00  3.88826198E-02
  7.66000000E+00  3.89833787E-02
  7.67000000E+00  3.90842666E-02
  7.68000000E+00  3.91852834E-02
  7.69000000E+00  3.92864291E-02
  7.70000000E+00  3.93877038E-02
  7.71000000E+00  3.94891073E-02
  7.72000000E+00  3.95906398E-02
  7.73000000E+00  3.96923011E-02
  7.74000000E+00  3.97940914E-02
  7.75000000E+00  3.98960104E-02
  7.76000000E+00  3.99980583E-02
  7.77000000E+00  4.01002350E-02
  7.78000000E+00  4.02025406E-02
  7.79000000E+00  4.03049749E-02
  7.80000000E+00  4.04075381E-02
  7.81000000E+00  4.05102300E-02
  7.82000000E+00  4.06130506E-02
  7.83000000E+00  4.07160000E-02
  7.84000000E+00  4.08190782E-02
  7.85000000E+00  4.09222850E-02
  7.86000000E+00  4.10256206E-02
  7.87000000E+00  4.11290849E-02
  7.88000000E+00  4.12326778E-02
  7.89000000E+00  4.13363994E-02
  7.90000000E+00  4.14402497E-02
  7.91000000E+00  4.15442286E-02
  7.92000000E+00  4.16483361E-02
  7.93000000E+00  4.17525722E-02
  7.94000000E+00  4.18569370E-02
  7.95000000E+00  4.19614303E-02
  7.96000000E+00  4.20660522E-02
  7.97000000E+00  4.21708026E-02
  7.98000000E+00  4.22756816E-02
  7.99000000E+00  4.23806891E-02
  8.00000000E+00  4.24858252E-02
  8.01000000E+00  4.25910897E-02
  8.02000000E+00  4.26964828E-02
  8.03000000E+00  4.28020043E-02
  8.04000000E+00  4.29076542E-02
  8.05000000E+00  4.30134327E-02
  8.06000000E+00  4.31193395E-02
  8.07000000E+00  4.32253748E-02
  8.08000000E+00  4.33315385E-02
  8.09000000E+00  4.34378306E-02
  8.10000000E+00  4.35442510E-02
  8.11000000E+00  4.36507999E-02
  8.12000000E+00  4.37574771E-02
  8.13000000E+00  4.38642826E-02
  8.14000000E+00  4.39712164E-02
  8.15000000E+00  4.40782786E-02
  8.16000000E+00  4.41854690E-02
  8.17000000E+00  4.42927878E-02
  8.18000000E+00  4.44002348E-02
  8.19000000E+00  4.45078101E-02
  8.20000000E+00  4.46155136E-02
  8.21000000E+00  4.47233453E-02
  8.22000000E+00  4.48313053E-02
  8.23000000E+00  4.49393934E-02
  8.24000000E+00  4.50476098E-02
  8.25000000E+00  4.51559543E-02
  8.26000000E+00  4.52644270E-02
  8.27000000E+00  4.53730278E-02
  8.28000000E+00  4.54817568E-02
  8.29000000E+00  4.55906138E-02
  8.30000000E+00  4.56995990E-02
  8.31000000E+00  4.58087123E-02
  8.32000000E+00  4.59179536E-02
  8.33000000E+00  4.60273230E-02
  8.34000000E+00  4.61368205E-02
  8.35000000E+00  4.62464460E-02
  8.36000000E+00  4.63561995E-02
  8.37000000E+00  4.64660810E-02
  8.38000000E+00  4.65760905E-02
  8.39000000E+00  4.66862280E-02
  8.40000000E+00  4.67964935E-02
  8.41000000E+00  4.69068869E-02
  8.42000000E+00  4.70174082E-02
  8.43000000E+00  4.71280575E-02
  8.44000000E+00  4.72388346E-02
  8.45000000E+00  4.73497397E-02
  8.46000000E+00  4.74607726E-02
  8.47000000E+00  4.75719335E-02
  8.48000000E+00  4.76832221E-02
  8.49000000E+00  4.77946386E-02
  8.50000000E+00  4.79061829E-02
  8.51000000E+00  4.80178551E-02
  8.52000000E+00  4.81296550E-02
  8.53000000E+00  4.82415827E-02
  8.54000000E+00  4.83536382E-02
  8.55000000E+00  4.84658214E-02
  8.56000000E+00  4.85781323E-02
  8.57000000E+00  4.86905710E-02
  8.58000000E+00  4.88031374E-02
  8.59000000E+00  4.89158315E-02
  8.60000000E+00  4.90286533E-02
  8.61000000E+00  4.91416027E-02
  8.62000000E+00  4.92546798E-02
  8.63000000E+00  4.93678845E-02
  8.64000000E+00  4.94812169E-02
  8.65000000E+00  4.95946769E-02
  8.66000000E+00  4.97082644E-02
  8.67000000E+00  4.98219796E-02
  8.68000000E+00  4.99358223E-02
  8.69000000E+00  5.00497925E-02
  8.70000000E+00  5.01638903E-02
  8.71000000E+00  5.02781156E-02
  8.72000000E+00  5.03924684E-02
  8.73000000E+00  5.05069488E-02
  8.74000000E+00  5.06215566E-02
  8.75000000E+00  5.07362918E-02
  8.76000000E+00  5.08511545E-02
  8.77000000E+00  5.09661447E-02
  8.78000000E+00  5.10812623E-02
  8.79000000E+00  5.11965072E-02
  8.80000000E+00  5.13118796E-02
  8.81000000E+00  5.14273794E-02
  8.82000000E+00  5.15430065E-02
  8.83000000E+00  5.16587609E-02
  8.84000000E+00  5.17746427E-02
  8.85000000E+00  5.18906518E-02
  8.86000000E+00  5.20067883E-02
  8.87000000E+00  5.21230520E-02
  8.88000000E+00  5.22394430E-02
  8.89000000E+00  5.23559612E-02
  8.90000000E+00  5.24726067E-02
  8.91000000E+00  5.25893794E-02
  8.92000000E+00  5.27062794E-02
  8.93000000E+00  5.28233065E-02
  8.94000000E+00  5.29404609E-02
  8.95000000E+00  5.30577424E-02
  8.96000000E+00  5.31751511E-02
  8.97000000E+00  5.32926869E-02
  8.98000000E+00  5.34103498E-02
  8.99000000E+00  5.35281399E-02
  9.00000000E+00  5.36460570E-02
  9.01000000E+00  5.37641013E-02
  9.02000000E+00  5.38822726E-02
  9.03000000E+00  5.40005709E-02
  9.04000000E+00  5.41189963E-02
  9.05000000E+00  5.42375488E-02
  9.06000000E+00  5.43562282E-02
  9.07000000E+00  5.44750346E-02
  9.08000000E+00  5.45939681E-02
  9.09000000E+00  5.47130285E-02
  9.10000000E+00  5.48322158E-02
  9.11000000E+00  5.49515301E-02
  9.12000000E+00  5.50709713E-02
  9.13000000E+00  5.51905394E-02
  9.14000000E+00  5.53102343E-02
  9.15000000E+00  5.54300562E-02
  9.16000000E+00  5.55500049E-02
  9.17000000E+00  5.56700805E-02
  9.18000000E+00  5.57902829E-02
  9.19000000E+00  5.59106121E-02
  9.20000000E+00  5.60310682E-02
  9.21000000E+00  5.61516510E-02
  9.22000000E+00  5.62723606E-02
  9.23000000E+00  5.63931969E-02
  9.24000000E+00  5.65141600E-02
  9.25000000E+00  5.66352498E-02
  9.26000000E+00  5.67564663E-02
  9.27000000E+00  5.68778095E-02
  9.28000000E+00  5.69992794E-02
  9.29000000E+00  5.71208759E-02
  9.30000000E+00  5.72425992E-02
  9.31000000E+00  5.73644490E-02
  9.32000000E+00  5.74864255E-02
  9.33000000E+00  5.76085285E-02
  9.34000000E+00  5.77307582E-02
  9.35000000E+00  5.78531144E-02
  9.36000000E+00  5.79755972E-02
  9.37000000E+00  5.80982065E-02
  9.38000000E+00  5.82209424E-02
  9.39000000E+00  5.83438048E-02
  9.40000000E+00  5.84667936E-02
  9.41000000E+00  5.85899090E-02
  9.42000000E+00  5.87131508E-02
  9.43000000E+00  5.88365191E-02
  9.44000000E+00  5.89600138E-02
  9.45000000E+00  5.90836349E-02
  9.46000000E+00  5.92073825E-02
  9.47000000E+00  5.93312564E-02
  9.48000000E+00  5.94552567E-02
  9.49000000E+00  5.95793834E-02
  9.50000000E+00  5.97036364E-02
  9.51000000E+00  5.98280157E-02
  9.52000000E+00  5.99525214E-02
  9.53000000E+00  6.00771533E-02
  9.54000000E+00  6.02019115E-02
  9.55000000E+00  6.03267960E-02
  9.56000000E+00  6.04518068E-02
  9.57000000E+00  6.05769438E-02
  9.58000000E+00  6.07022070E-02
  9.59000000E+00  6.08275964E-02
  9.60000000E+00  6.09531120E-02
  9.61000000E+00  6.10787537E-02
  9.62000000E+00  6.12045217E-02
  9.63000000E+00  6.13304158E-02
  9.64000000E+00  6.14564359E-02
  9.65000000E+00  6.15825823E-02
  9.66000000E+00  6.17088547E-02
  9.67000000E+00  6.18352532E-02
  9.68000000E+00  6.19617777E-02
  9.69000000E+00  6.20884283E-02
  9.70000000E+00  6.22152049E-02
  9.71000000E+00  6.23421076E-02
  9.72000000E+00  6.24691362E-02
  9.73000000E+00  6.25962909E-02
  9.74000000E+00  6.27235715E-02
  9.75000000E+00  6.28509780E-02
  9.76000000E+00  6.29785105E-02
  9.77000000E+00  6.31061690E-02
  9.78000000E+00  6.32339533E-02
  9.79000000E+00  6.33618635E-02
  9.80000000E+00  6.34898996E-02
  9.81000000E+00  6.36180616E-02
  9.82000000E+00  6.37463494E-02
  9.83000000E+00  6.38747630E-02
  9.84000000E+00  6.40033024E-02
  9.85000000E+00  6.41319676E-02
  9.86000000E+00  6.42607587E-02
  9.87000000E+00  6.43896754E-02
  9.88000000E+00  6.45187180E-02
  9.89000000E+00  6.46478862E-02
  9.90000000E+00  6.47771802E-02
  9.91000000E+00  6.49065999E-02
  9.92000000E+00  6.50361452E-02
  9.93000000E+00  6.51658163E-02
  9.94000000E+00  6.52956129E-02
  9.95000000E+00  6.54255353E-02
  9.96000000E+00  6.55555832E-02
  9.97000000E+00  6.56857567E-02
  9.98000000E+00  6.58160559E-02
  9.99000000E+00  6.59464806E-02
  1.00000000E+01  6.60770308E-02

 # energy=   1.0000000000000000     
  0.00000000E+00  0.00000000E+00
  1.00000000E-02  4.09799246E-04
  2.00000000E-02  1.28490934E-03
  3.00000000E-02  2.65437989E-03
  4.00000000E-02  4.54282477E-03
  5.00000000E-02  6.97065624E-03
  6.00000000E-02  9.95431906E-03
  7.00000000E-02  1.35065246E-02
  8.00000000E-02  1.76364848E-02
  9.00000000E-02  2.23501466E-02
  1.00000000E-01  2.76504257E-02
  1.10000000E-01  3.35374408E-02
  1.20000000E-01  4.00087478E-02
  1.30000000E-01  4.70595737E-02
  1.40000000E-01  5.46830510E-02
  1.50000000E-01  6.28704513E-02
  1.60000000E-01  7.16114200E-02
  1.70000000E-01  8.08942100E-02
  1.80000000E-01  9.07059161E-02
  1.90000000E-01  1.01032709E-01
  2.00000000E-01  1.11860068E-01
  2.10000000E-01  1.23173019E-01
  2.20000000E-01  1.34956364E-01
  2.30000000E-01  1.47194917E-01
  2.40000000E-01  1.59873741E-01
  2.50000000E-01  1.72978376E-01
  2.60000000E-01  1.86495080E-01
  2.70000000E-01  2.00411043E-01
  2.80000000E-01  2.14714489E-01
  2.90000000E-01  2.29394607E-01
  3.00000000E-01  2.44441448E-01
  3.10000000E-01  2.59845832E-01
  3.20000000E-01  2.75599245E-01
  3.30000000E-01  2.91693745E-01
  3.40000000E-01  3.08121855E-01
  3.50000000E-01  3.24876472E-01
  3.60000000E-01  3.41950764E-01
  3.70000000E-01  3.59338073E-01
  3.80000000E-01  3.77031812E-01
  3.90000000E-01  3.95025373E-01
  4.00000000E-01  4.13312023E-01
  4.10000000E-01  4.31884805E-01
  4.20000000E-01  4.50736443E-01
  4.30000000E-01  4.69859237E-01
  4.40000000E-01  4.89244971E-01
  4.50000000E-01  5.08884809E-01
  4.60000000E-01  5.28769199E-01
  4.70000000E-01  5.48887771E-01
  4.80000000E-01  5.69229242E-01
  4.90000000E-01  5.89781314E-01
  5.00000000E-01  6.10530576E-01
  5.10000000E-01  6.31462406E-01
  5.20000000E-01  6.52560872E-01
  5.30000000E-01  6.73808658E-01
  5.40000000E-01  6.95187116E-01
  5.50000000E-01  7.16676390E-01
  5.60000000E-01  7.38255549E-01
  5.70000000E-01  7.59902725E-01
  5.80000000E-01  7.81595243E-01
  5.90000000E-01  8.03309760E-01
  6.00000000E-01  8.25022393E-01
  6.10000000E-01  8.46708857E-01
  6.20000000E-01  8.68344596E-01
  6.30000000E-01  8.89904923E-01
  6.40000000E-01  9.11365147E-01
  6.50000000E-01  9.32700709E-01
  6.60000000E-01  9.53887321E-01
  6.70000000E-01  9.74901092E-01
  6.80000000E-01  9.95718669E-01
  6.90000000E-01  1.01631737E+00
  7.00000000E-01  1.03667530E+00
  7.10000000E-01  1.05677153E+00
  7.20000000E-01  1.07658618E+00
  7.30000000E-01  1.09610057E+00
  7.40000000E-01  1.11529739E+00
  7.50000000E-01  1.13416078E+00
  7.60000000E-01  1.15267648E+00
  7.70000000E-01  1.17083199E+00
  7.80000000E-01  1.18861667E+00
  7.90000000E-01  1.20602184E+00
  8.00000000E-01  1.22304073E+00
  8.10000000E-01  1.23966837E+00
  8.20000000E-01  1.25590159E+00
  8.30000000E-01  1.27173882E+00
  8.40000000E-01  1.28718013E+00
  8.50000000E-01  1.30222704E+00
  8.60000000E-01  1.31688253E+00
  8.70000000E-01  1.33115087E+00
  8.80000000E-01  1.34503763E+00
  8.90000000E-01  1.35854950E+00
  9.00000000E-01  1.37169431E+00
  9.10000000E-01  1.38448085E+00
  9.20000000E-01  1.39691885E+00
  9.30000000E-01  1.40901890E+00
  9.40000000E-01  1.42079232E+00
  9.50000000E-01  1.43225112E+00
  9.60000000E-01  1.44340789E+00
  9.70000000E-01  1.45427576E+00
  9.80000000E-01  1.46486827E+00
  9.90000000E-01  1.47519931E+00
  1.00000000E+00  1.48528302E+00
  1.01000000E+00  1.49513376E+00
  1.02000000E+00  1.50476596E+00
  1.03000000E+00  1.51419407E+00
  1.04000000E+00  1.52343249E+00
  1.05000000E+00  1.53249550E+00
  1.06000000E+00  1.54139721E+00
  1.07000000E+00  1.55015155E+00
  1.08000000E+00  1.55877222E+00
  1.09000000E+00  1.56727269E+00
  1.10000000E+00  1.57566611E+00
  1.11000000E+00  1.58396533E+00
  1.12000000E+00  1.59218285E+00
  1.13000000E+00  1.60033078E+00
  1.14000000E+00  1.60842083E+00
  1.15000000E+00  1.61646424E+00
  1.16000000E+00  1.62447178E+00
  1.17000000E+00  1.63245371E+00
  1.18000000E+00  1.64041974E+00
  1.19000000E+00  1.64837901E+00
  1.20000000E+00  1.65634005E+00
  1.21000000E+00  1.66431073E+00
  1.22000000E+00  1.67229827E+00
  1.23000000E+00  1.68030918E+00
  1.24000000E+00  1.68834921E+00
  1.25000000E+00  1.69642336E+00
  1.26000000E+00  1.70453583E+00
  1.27000000E+00  1.71268996E+00
  1.28000000E+00  1.72088824E+00
  1.29000000E+00  1.72913226E+00
  1.30000000E+00  1.73742269E+00
  1.31000000E+00  1.74575930E+00
  1.32000000E+00  1.75414104E+00
  1.33000000E+00  1.76256608E+00
  1.34000000E+00  1.77103188E+00
  1.35000000E+00  1.77953524E+00
  1.36000000E+00  1.78807237E+00
  1.37000000E+00  1.79663896E+00
  1.38000000E+00  1.80523020E+00
  1.39000000E+00  1.81384088E+00
  1.40000000E+00  1.82246544E+00
  1.41000000E+00  1.83109800E+00
  1.42000000E+00  1.83973248E+00
  1.43000000E+00  1.84836260E+00
  1.44000000E+00  1.85698195E+00
  1.45000000E+00  1.86558410E+00
  1.46000000E+00  1.87416260E+00
  1.47000000E+00  1.88271105E+00
  1.48000000E+00  1.89122320E+00
  1.49000000E+00  1.89969296E+00
  1.50000000E+00  1.90811449E+00
  1.51000000E+00  1.91648225E+00
  1.52000000E+00  1.92479106E+00
  1.53000000E+00  1.93303616E+00
  1.54000000E+00  1.94121326E+00
  1.55000000E+00  1.94931862E+00
  1.56000000E+00  1.95734906E+00
  1.57000000E+00  1.96530197E+00
  1.58000000E+00  1.97317520E+00
  1.59000000E+00  1.98096714E+00
  1.60000000E+00  1.98867656E+00
  1.61000000E+00  1.99630266E+00
  1.62000000E+00  2.00384501E+00
  1.63000000E+00  2.01130351E+00
  1.64000000E+00  2.01867832E+00
  1.65000000E+00  2.02596990E+00
  1.66000000E+00  2.03317889E+00
  1.67000000E+00  2.04030616E+00
  1.68000000E+00  2.04735268E+00
  1.69000000E+00  2.05431956E+00
  1.70000000E+00  2.06120797E+00
  1.71000000E+00  2.06801913E+00
  1.72000000E+00  2.07475425E+00
  1.73000000E+00  2.08141451E+00
  1.74000000E+00  2.08800101E+00
  1.75000000E+00  2.09451477E+00
  1.76000000E+00  2.10095663E+00
  1.77000000E+00  2.10732727E+00
  1.78000000E+00  2.11362715E+00
  1.79000000E+00  2.11985648E+00
  1.80000000E+00  2.12601517E+00
  1.81000000E+00  2.13210281E+00
  1.82000000E+00  2.13811866E+00
  1.83000000E+00  2.14406169E+00
  1.84000000E+00  2.14993056E+00
  1.85000000E+00  2.15572366E+00
  1.86000000E+00  2.16143917E+00
  1.87000000E+00  2.16707502E+00
  1.88000000E+00  2.17262894E+00
  1.89000000E+00  2.17809852E+00
  1.90000000E+00  2.18348116E+00
  1.91000000E+00  2.18877414E+00
  1.92000000E+00  2.19397466E+00
  1.93000000E+00  2.19907978E+00
  1.94000000E+00  2.20408656E+00
  1.95000000E+00  2.20899197E+00
  1.96000000E+00  2.21379299E+00
  1.97000000E+00  2.21848660E+00
  1.98000000E+00  2.22306980E+00
  1.99000000E+00  2.22753964E+00
  2.00000000E+00  2.23189326E+00
  2.01000000E+00  2.23612787E+00
  2.02000000E+00  2.24024082E+00
  2.03000000E+00  2.24422958E+00
  2.04000000E+00  2.24809180E+00
  2.05000000E+00  2.25182531E+00
  2.06000000E+00  2.25542813E+00
  2.07000000E+00  2.25889853E+00
  2.08000000E+00  2.26223498E+00
  2.09000000E+00  2.26543618E+00
  2.10000000E+00  2.26850100E+00
  2.11000000E+00  2.27142850E+00
  2.12000000E+00  2.27421791E+00
  2.13000000E+00  2.27686861E+00
  2.14000000E+00  2.27938012E+00
  2.15000000E+00  2.28175209E+00
  2.16000000E+00  2.28398428E+00
  2.17000000E+00  2.28607654E+00
  2.18000000E+00  2.28802882E+00
  2.19000000E+00  2.28984114E+00
  2.20000000E+00  2.29151357E+00
  2.21000000E+00  2.29304624E+00
  2.22000000E+00  2.29443929E+00
  2.23000000E+00  2.29569289E+00
  2.24000000E+00  2.29680722E+00
  2.25000000E+00  2.29778244E+00
  2.26000000E+00  2.29861870E+00
  2.27000000E+00  2.29931610E+00
  2.28000000E+00  2.29987470E+00
  2.29000000E+00  2.30029449E+00
  2.30000000E+00  2.30057539E+00
  2.31000000E+00  2.30071723E+00
  2.32000000E+00  2.30071972E+00
  2.33000000E+00  2.30058248E+00
  2.34000000E+00  2.30030502E+00
  2.35000000E+00  2.29988676E+00
  2.36000000E+00  2.29932702E+00
  2.37000000E+00  2.29862505E+00
  2.38000000E+00  2.29778002E+00
  2.39000000E+00  2.29679105E+00
  2.40000000E+00  2.29565720E+00
  2.41000000E+00  2.29437748E+00
  2.42000000E+00  2.29295086E+00
  2.43000000E+00  2.29137631E+00
  2.44000000E+00  2.28965274E+00
  2.45000000E+00  2.28777906E+00
  2.46000000E+00  2.28575419E+00
  2.47000000E+00  2.28357703E+00
  2.48000000E+00  2.28124652E+00
  2.49000000E+00  2.27876160E+00
  2.50000000E+00  2.27612125E+00
  2.51000000E+00  2.27332447E+00
  2.52000000E+00  2.27037033E+00
  2.53000000E+00  2.26725794E+00
  2.54000000E+00  2.26398646E+00
  2.55000000E+00  2.26055516E+00
  2.56000000E+00  2.25696334E+00
  2.57000000E+00  2.25321042E+00
  2.58000000E+00  2.24929590E+00
  2.59000000E+00  2.24521939E+00
  2.60000000E+00  2.24098057E+00
  2.61000000E+00  2.23657922E+00
  2.62000000E+00  2.23201520E+00
  2.63000000E+00  2.22728844E+00
  2.64000000E+00  2.22239894E+00
  2.65000000E+00  2.21734678E+00
  2.66000000E+00  2.21213208E+00
  2.67000000E+00  2.20675503E+00
  2.68000000E+00  2.20121586E+00
  2.69000000E+00  2.19551485E+00
  2.70000000E+00  2.18965233E+00
  2.71000000E+00  2.18362866E+00
  2.72000000E+00  2.17744422E+00
  2.73000000E+00  2.17109942E+00
  2.74000000E+00  2.16459470E+00
  2.75000000E+00  2.15793051E+00
  2.76000000E+00  2.15110730E+00
  2.77000000E+00  2.14412554E+00
  2.78000000E+00  2.13698569E+00
  2.79000000E+00  2.12968821E+00
  2.80000000E+00  2.12223356E+00
  2.81000000E+00  2.11462216E+00
  2.82000000E+00  2.10685443E+00
  2.83000000E+00  2.09893077E+00
  2.84000000E+00  2.09085152E+00
  2.85000000E+00  2.08261703E+00
  2.86000000E+00  2.07422760E+00
  2.87000000E+00  2.06568353E+00
  2.88000000E+00  2.05698508E+00
  2.89000000E+00  2.04813250E+00
  2.90000000E+00  2.03912604E+00
  2.91000000E+00  2.02996593E+00
  2.92000000E+00  2.02065240E+00
  2.93000000E+00  2.01118566E+00
  2.94000000E+00  2.00156595E+00
  2.95000000E+00  1.99179348E+00
  2.96000000E+00  1.98186849E+00
  2.97000000E+00  1.97179121E+00
  2.98000000E+00  1.96156190E+00
  2.99000000E+00  1.95118083E+00
  3.00000000E+00  1.94064826E+00
  3.01000000E+00  1.92996452E+00
  3.02000000E+00  1.91912992E+00
  3.03000000E+00  1.90814483E+00
  3.04000000E+00  1.89700962E+00
  3.05000000E+00  1.88572471E+00
  3.06000000E+00  1.87429055E+00
  3.07000000E+00  1.86270765E+00
  3.08000000E+00  1.85097652E+00
  3.09000000E+00  1.83909775E+00
  3.10000000E+00  1.82707196E+00
  3.11000000E+00  1.81489982E+00
  3.12000000E+00  1.80258204E+00
  3.13000000E+00  1.79011937E+00
  3.14000000E+00  1.77751260E+00
  3.15000000E+00  1.76476255E+00
  3.16000000E+00  1.75187008E+00
  3.17000000E+00  1.73883610E+00
  3.18000000E+00  1.72566151E+00
  3.19000000E+00  1.71234728E+00
  3.20000000E+00  1.69889437E+00
  3.21000000E+00  1.68530381E+00
  3.22000000E+00  1.67157660E+00
  3.23000000E+00  1.65771381E+00
  3.24000000E+00  1.64371649E+00
  3.25000000E+00  1.62958573E+00
  3.26000000E+00  1.61532263E+00
  3.27000000E+00  1.60092830E+00
  3.28000000E+00  1.58640387E+00
  3.29000000E+00  1.57175046E+00
  3.30000000E+00  1.55696922E+00
  3.31000000E+00  1.54206128E+00
  3.32000000E+00  1.52702781E+00
  3.33000000E+00  1.51186994E+00
  3.34000000E+00  1.49658883E+00
  3.35000000E+00  1.48118563E+00
  3.36000000E+00  1.46566147E+00
  3.37000000E+00  1.45001751E+00
  3.38000000E+00  1.43425489E+00
  3.39000000E+00  1.41837474E+00
  3.40000000E+00  1.40237822E+00
  3.41000000E+00  1.38626647E+00
  3.42000000E+00  1.37004064E+00
  3.43000000E+00  1.35370189E+00
  3.44000000E+00  1.33725138E+00
  3.45000000E+00  1.32069028E+00
  3.46000000E+00  1.30401976E+00
  3.47000000E+00  1.28724101E+00
  3.48000000E+00  1.27035522E+00
  3.49000000E+00  1.25336360E+00
  3.50000000E+00  1.23626736E+00
  3.51000000E+00  1.21906773E+00
  3.52000000E+00  1.20176595E+00
  3.53000000E+00  1.18436327E+00
  3.54000000E+00  1.16686098E+00
  3.55000000E+00  1.14926036E+00
  3.56000000E+00  1.13156271E+00
  3.57000000E+00  1.11376936E+00
  3.58000000E+00  1.09588166E+00
  3.59000000E+00  1.07790097E+00
  3.60000000E+00  1.05982867E+00
  3.61000000E+00  1.04166618E+00
  3.62000000E+00  1.02341493E+00
  3.63000000E+00  1.00507636E+00
  3.64000000E+00  9.86651948E-01
  3.65000000E+00  9.68143187E-01
  3.66000000E+00  9.49551584E-01
  3.67000000E+00  9.30878665E-01
  3.68000000E+00  9.12125973E-01
  3.69000000E+00  8.93295068E-01
  3.70000000E+00  8.74387521E-01
  3.71000000E+00  8.55404922E-01
  3.72000000E+00  8.36348872E-01
  3.73000000E+00  8.17220983E-01
  3.74000000E+00  7.98022881E-01
  3.75000000E+00  7.78756201E-01
  3.76000000E+00  7.59422590E-01
  3.77000000E+00  7.40023701E-01
  3.78000000E+00  7.20561198E-01
  3.79000000E+00  7.01036751E-01
  3.80000000E+00  6.81452036E-01
  3.81000000E+00  6.61808735E-01
  3.82000000E+00  6.42108536E-01
  3.83000000E+00  6.22353130E-01
  3.84000000E+00  6.02544211E-01
  3.85000000E+00  5.82683475E-01
  3.86000000E+00  5.62772620E-01
  3.87000000E+00  5.42813345E-01
  3.88000000E+00  5.22807351E-01
  3.89000000E+00  5.02756338E-01
  3.90000000E+00  4.82662012E-01
  3.91000000E+00  4.62526076E-01
  3.92000000E+00  4.42350238E-01
  3.93000000E+00  4.22136208E-01
  3.94000000E+00  4.01885700E-01
  3.95000000E+00  3.81600428E-01
  3.96000000E+00  3.61282110E-01
  3.97000000E+00  3.40932470E-01
  3.98000000E+00  3.20553233E-01
  3.99000000E+00  3.00146127E-01
  4.00000000E+00  2.79712888E-01
  4.01000000E+00  2.59255251E-01
  4.02000000E+00  2.38774961E-01
  4.03000000E+00  2.18273764E-01
  4.04000000E+00  1.97753413E-01
  4.05000000E+00  1.77215664E-01
  4.06000000E+00  1.56662282E-01
  4.07000000E+00  1.36095035E-01
  4.08000000E+00  1.15515698E-01
  4.09000000E+00  9.49260509E-02
  4.10000000E+00  7.43278826E-02
  4.11000000E+00  5.37229868E-02
  4.12000000E+00  3.31131646E-02
  4.13000000E+00  1.25002237E-02
  4.14000000E+00 -8.11402187E-03
  4.15000000E+00 -2.87277525E-02
  4.16000000E+00 -4.93391430E-02
  4.17000000E+00 -6.99463635E-02
  4.18000000E+00 -9.05475794E-02
  4.19000000E+00 -1.11140952E-01
  4.20000000E+00 -1.31724640E-01
  4.21000000E+00 -1.52296798E-01
  4.22000000E+00 -1.72855577E-01
  4.23000000E+00 -1.93399128E-01
  4.24000000E+00 -2.13925599E-01
  4.25000000E+00 -2.34433137E-01
  4.26000000E+00 -2.54919886E-01
  4.27000000E+00 -2.75383993E-01
  4.28000000E+00 -2.95823602E-01
  4.29000000E+00 -3.16236860E-01
  4.30000000E+00 -3.36621912E-01
  4.31000000E+00 -3.56976907E-01
  4.32000000E+00 -3.77299994E-01
  4.33000000E+00 -3.97589323E-01
  4.34000000E+00 -4.17843051E-01
  4.35000000E+00 -4.38059333E-01
  4.36000000E+00 -4.58236331E-01
  4.37000000E+00 -4.78372209E-01
  4.38000000E+00 -4.98465137E-01
  4.39000000E+00 -5.18513287E-01
  4.40000000E+00 -5.38514837E-01
  4.41000000E+00 -5.58467969E-01
  4.42000000E+00 -5.78370870E-01
  4.43000000E+00 -5.98221731E-01
  4.44000000E+00 -6.18018748E-01
  4.45000000E+00 -6.37760119E-01
  4.46000000E+00 -6.57444052E-01
  4.47000000E+00 -6.77068753E-01
  4.48000000E+00 -6.96632438E-01
  4.49000000E+00 -7.16133325E-01
  4.50000000E+00 -7.35569638E-01
  4.51000000E+00 -7.54939603E-01
  4.52000000E+00 -7.74241456E-01
  4.53000000E+00 -7.93473432E-01
  4.54000000E+00 -8.12633774E-01
  4.55000000E+00 -8.31720730E-01
  4.56000000E+00 -8.50732552E-01
  4.57000000E+00 -8.69667496E-01
  4.58000000E+00 -8.88523826E-01
  4.59000000E+00 -9.07299808E-01
  4.60000000E+00 -9.25993714E-01
  4.61000000E+00 -9.44603822E-01
  4.62000000E+00 -9.63128413E-01
  4.63000000E+00 -9.81565775E-01
  4.64000000E+00 -9.99914201E-01
  4.65000000E+00 -1.01817199E+00
  4.66000000E+00 -1.03633744E+00
  4.67000000E+00 -1.05440887E+00
  4.68000000E+00 -1.07238459E+00
  4.69000000E+00 -1.09026292E+00
  4.70000000E+00 -1.10804220E+00
  4.71000000E+00 -1.12572076E+00
  4.72000000E+00 -1.14329695E+00
  4.73000000E+00 -1.16076911E+00
  4.74000000E+00 -1.17813560E+00
  4.75000000E+00 -1.19539480E+00
  4.76000000E+00 -1.21254509E+00
  4.77000000E+00 -1.22958483E+00
  4.78000000E+00 -1.24651244E+00
  4.79000000E+00 -1.26332631E+00
  4.80000000E+00 -1.28002485E+00
  4.81000000E+00 -1.29660648E+00
  4.82000000E+00 -1.31306965E+00
  4.83000000E+00 -1.32941279E+00
  4.84000000E+00 -1.34563435E+00
  4.85000000E+00 -1.36173280E+00
  4.86000000E+00 -1.37770661E+00
  4.87000000E+00 -1.39355426E+00
  4.88000000E+00 -1.40927427E+00
  4.89000000E+00 -1.42486513E+00
  4.90000000E+00 -1.44032537E+00
  4.91000000E+00 -1.45565351E+00
  4.92000000E+00 -1.47084812E+00
  4.93000000E+00 -1.48590773E+00
  4.94000000E+00 -1.50083093E+00
  4.95000000E+00 -1.51561630E+00
  4.96000000E+00 -1.53026243E+00
  4.97000000E+00 -1.54476792E+00
  4.98000000E+00 -1.55913141E+00
  4.99000000E+00 -1.57335152E+00
  5.00000000E+00 -1.58742689E+00
  5.01000000E+00 -1.60135619E+00
  5.02000000E+00 -1.61513809E+00
  5.03000000E+00 -1.62877127E+00
  5.04000000E+00 -1.64225443E+00
  5.05000000E+00 -1.65558628E+00
  5.06000000E+00 -1.66876554E+00
  5.07000000E+00 -1.68179096E+00
  5.08000000E+00 -1.69466129E+00
  5.09000000E+00 -1.70737528E+00
  5.10000000E+00 -1.71993172E+00
  5.11000000E+00 -1.73232940E+00
  5.12000000E+00 -1.74456713E+00
  5.13000000E+00 -1.75664373E+00
  5.14000000E+00 -1.76855803E+00
  5.15000000E+00 -1.78030888E+00
  5.16000000E+00 -1.79189514E+00
  5.17000000E+00 -1.80331569E+00
  5.18000000E+00 -1.81456942E+00
  5.19000000E+00 -1.82565523E+00
  5.20000000E+00 -1.83657206E+00
  5.21000000E+00 -1.84731883E+00
  5.22000000E+00 -1.85789449E+00
  5.23000000E+00 -1.86829802E+00
  5.24000000E+00 -1.87852839E+00
  5.25000000E+00 -1.88858460E+00
  5.26000000E+00 -1.89846566E+00
  5.27000000E+00 -1.90817061E+00
  5.28000000E+00 -1.91769849E+00
  5.29000000E+00 -1.92704835E+00
  5.30000000E+00 -1.93621928E+00
  5.31000000E+00 -1.94521037E+00
  5.32000000E+00 -1.95402072E+00
  5.33000000E+00 -1.96264948E+00
  5.34000000E+00 -1.97109577E+00
  5.35000000E+00 -1.97935877E+00
  5.36000000E+00 -1.98743764E+00
  5.37000000E+00 -1.99533158E+00
  5.38000000E+00 -2.00303981E+00
  5.39000000E+00 -2.01056155E+00
  5.40000000E+00 -2.01789605E+00
  5.41000000E+00 -2.02504259E+00
  5.42000000E+00 -2.03200043E+00
  5.43000000E+00 -2.03876888E+00
  5.44000000E+00 -2.04534726E+00
  5.45000000E+00 -2.05173490E+00
  5.46000000E+00 -2.05793117E+00
  5.47000000E+00 -2.06393543E+00
  5.48000000E+00 -2.06974707E+00
  5.49000000E+00 -2.07536550E+00
  5.50000000E+00 -2.08079015E+00
  5.51000000E+00 -2.08602047E+00
  5.52000000E+00 -2.09105591E+00
  5.53000000E+00 -2.09589595E+00
  5.54000000E+00 -2.10054011E+00
  5.55000000E+00 -2.10498789E+00
  5.56000000E+00 -2.10923883E+00
  5.57000000E+00 -2.11329249E+00
  5.58000000E+00 -2.11714843E+00
  5.59000000E+00 -2.12080626E+00
  5.60000000E+00 -2.12426558E+00
  5.61000000E+00 -2.12752602E+00
  5.62000000E+00 -2.13058723E+00
  5.63000000E+00 -2.13344887E+00
  5.64000000E+00 -2.13611063E+00
  5.65000000E+00 -2.13857221E+00
  5.66000000E+00 -2.14083334E+00
  5.67000000E+00 -2.14289375E+00
  5.68000000E+00 -2.14475321E+00
  5.69000000E+00 -2.14641149E+00
  5.70000000E+00 -2.14786840E+00
  5.71000000E+00 -2.14912375E+00
  5.72000000E+00 -2.15017737E+00
  5.73000000E+00 -2.15102913E+00
  5.74000000E+00 -2.15167889E+00
  5.75000000E+00 -2.15212654E+00
  5.76000000E+00 -2.15237201E+00
  5.77000000E+00 -2.15241521E+00
  5.78000000E+00 -2.15225611E+00
  5.79000000E+00 -2.15189466E+00
  5.80000000E+00 -2.15133087E+00
  5.81000000E+00 -2.15056473E+00
  5.82000000E+00 -2.14959627E+00
  5.83000000E+00 -2.14842554E+00
  5.84000000E+00 -2.14705261E+00
  5.85000000E+00 -2.14547755E+00
  5.86000000E+00 -2.14370048E+00
  5.87000000E+00 -2.14172152E+00
  5.88000000E+00 -2.13954081E+00
  5.89000000E+00 -2.13715851E+00
  5.90000000E+00 -2.13457481E+00
  5.91000000E+00 -2.13178990E+00
  5.92000000E+00 -2.12880402E+00
  5.93000000E+00 -2.12561738E+00
  5.94000000E+00 -2.12223027E+00
  5.95000000E+00 -2.11864295E+00
  5.96000000E+00 -2.11485573E+00
  5.97000000E+00 -2.11086892E+00
  5.98000000E+00 -2.10668286E+00
  5.99000000E+00 -2.10229791E+00
  6.00000000E+00 -2.09771444E+00
  6.01000000E+00 -2.09293284E+00
  6.02000000E+00 -2.08795354E+00
  6.03000000E+00 -2.08277695E+00
  6.04000000E+00 -2.07740354E+00
  6.05000000E+00 -2.07183378E+00
  6.06000000E+00 -2.06606815E+00
  6.07000000E+00 -2.06010716E+00
  6.08000000E+00 -2.05395134E+00
  6.09000000E+00 -2.04760124E+00
  6.10000000E+00 -2.04105741E+00
  6.11000000E+00 -2.03432045E+00
  6.12000000E+00 -2.02739096E+00
  6.13000000E+00 -2.02026955E+00
  6.14000000E+00 -2.01295687E+00
  6.15000000E+00 -2.00545356E+00
  6.16000000E+00 -1.99776032E+00
  6.17000000E+00 -1.98987784E+00
  6.18000000E+00 -1.98180681E+00
  6.19000000E+00 -1.97354799E+00
  6.20000000E+00 -1.96510212E+00
  6.21000000E+00 -1.95646996E+00
  6.22000000E+00 -1.94765230E+00
  6.23000000E+00 -1.93864995E+00
  6.24000000E+00 -1.92946372E+00
  6.25000000E+00 -1.92009446E+00
  6.26000000E+00 -1.91054302E+00
  6.27000000E+00 -1.90081028E+00
  6.28000000E+00 -1.89089713E+00
  6.29000000E+00 -1.88080448E+00
  6.30000000E+00 -1.87053326E+00
  6.31000000E+00 -1.86008442E+00
  6.32000000E+00 -1.84945890E+00
  6.33000000E+00 -1.83865771E+00
  6.34000000E+00 -1.82768182E+00
  6.35000000E+00 -1.81653226E+00
  6.36000000E+00 -1.80521005E+00
  6.37000000E+00 -1.79371624E+00
  6.38000000E+00 -1.78205191E+00
  6.39000000E+00 -1.77021812E+00
  6.40000000E+00 -1.75821597E+00
  6.41000000E+00 -1.74604658E+00
  6.42000000E+00 -1.73371109E+00
  6.43000000E+00 -1.72121063E+00
  6.44000000E+00 -1.70854637E+00
  6.45000000E+00 -1.69571949E+00
  6.46000000E+00 -1.68273119E+00
  6.47000000E+00 -1.66958268E+00
  6.48000000E+00 -1.65627518E+00
  6.49000000E+00 -1.64280994E+00
  6.50000000E+00 -1.62918822E+00
  6.51000000E+00 -1.61541129E+00
  6.52000000E+00 -1.60148044E+00
  6.53000000E+00 -1.58739697E+00
  6.54000000E+00 -1.57316221E+00
  6.55000000E+00 -1.55877749E+00
  6.56000000E+00 -1.54424415E+00
  6.57000000E+00 -1.52956357E+00
  6.58000000E+00 -1.51473711E+00
  6.59000000E+00 -1.49976618E+00
  6.60000000E+00 -1.48465218E+00
  6.61000000E+00 -1.46939654E+00
  6.62000000E+00 -1.45400067E+00
  6.63000000E+00 -1.43846605E+00
  6.64000000E+00 -1.42279412E+00
  6.65000000E+00 -1.40698636E+00
  6.66000000E+00 -1.39104427E+00
  6.67000000E+00 -1.37496935E+00
  6.68000000E+00 -1.35876311E+00
  6.69000000E+00 -1.34242709E+00
  6.70000000E+00 -1.32596282E+00
  6.71000000E+00 -1.30937186E+00
  6.72000000E+00 -1.29265579E+00
  6.73000000E+00 -1.27581617E+00
  6.74000000E+00 -1.25885461E+00
  6.75000000E+00 -1.24177270E+00
  6.76000000E+00 -1.22457207E+00
  6.77000000E+00 -1.20725434E+00
  6.78000000E+00 -1.18982116E+00
  6.79000000E+00 -1.17227417E+00
  6.80000000E+00 -1.15461504E+00
  6.81000000E+00 -1.13684545E+00
  6.82000000E+00 -1.11896707E+00
  6.83000000E+00 -1.10098161E+00
  6.84000000E+00 -1.08289077E+00
  6.85000000E+00 -1.06469627E+00
  6.86000000E+00 -1.04639984E+00
  6.87000000E+00 -1.02800322E+00
  6.88000000E+00 -1.00950815E+00
  6.89000000E+00 -9.90916401E-01
  6.90000000E+00 -9.72229731E-01
  6.91000000E+00 -9.53449920E-01
  6.92000000E+00 -9.34578757E-01
  6.93000000E+00 -9.15618038E-01
  6.94000000E+00 -8.96569568E-01
  6.95000000E+00 -8.77435163E-01
  6.96000000E+00 -8.58216647E-01
  6.97000000E+00 -8.38915850E-01
  6.98000000E+00 -8.19534615E-01
  6.99000000E+00 -8.00074789E-01
  7.00000000E+00 -7.80538230E-01
  7.01000000E+00 -7.60926802E-01
  7.02000000E+00 -7.41242378E-01
  7.03000000E+00 -7.21486838E-01
  7.04000000E+00 -7.01662068E-01
  7.05000000E+00 -6.81769964E-01
  7.06000000E+00 -6.61812425E-01
  7.07000000E+00 -6.41791361E-01
  7.08000000E+00 -6.21708687E-01
  7.09000000E+00 -6.01566322E-01
  7.10000000E+00 -5.81366194E-01
  7.11000000E+00 -5.61110236E-01
  7.12000000E+00 -5.40800388E-01
  7.13000000E+00 -5.20438593E-01
  7.14000000E+00 -5.00026802E-01
  7.15000000E+00 -4.79566971E-01
  7.16000000E+00 -4.59061059E-01
  7.17000000E+00 -4.38511033E-01
  7.18000000E+00 -4.17918861E-01
  7.19000000E+00 -3.97286520E-01
  7.20000000E+00 -3.76615986E-01
  7.21000000E+00 -3.55909245E-01
  7.22000000E+00 -3.35168282E-01
  7.23000000E+00 -3.14395088E-01
  7.24000000E+00 -2.93591658E-01
  7.25000000E+00 -2.72759990E-01
  7.26000000E+00 -2.51902084E-01
  7.27000000E+00 -2.31019944E-01
  7.28000000E+00 -2.10115576E-01
  7.29000000E+00 -1.89190990E-01
  7.30000000E+00 -1.68248198E-01
  7.31000000E+00 -1.47289213E-01
  7.32000000E+00 -1.26316050E-01
  7.33000000E+00 -1.05330728E-01
  7.34000000E+00 -8.43352655E-02
  7.35000000E+00 -6.33316826E-02
  7.36000000E+00 -4.23220012E-02
  7.37000000E+00 -2.13082442E-02
  7.38000000E+00 -2.92435004E-04
  7.39000000E+00  2.07234023E-02
  7.40000000E+00  4.17372430E-02
  7.41000000E+00  6.27470626E-02
  7.42000000E+00  8.37508360E-02
  7.43000000E+00  1.04746539E-01
  7.44000000E+00  1.25732147E-01
  7.45000000E+00  1.46705636E-01
  7.46000000E+00  1.67664983E-01
  7.47000000E+00  1.88608167E-01
  7.48000000E+00  2.09533167E-01
  7.49000000E+00  2.30437963E-01
  7.50000000E+00  2.51320537E-01
  7.51000000E+00  2.72178873E-01
  7.52000000E+00  2.93010957E-01
  7.53000000E+00  3.13814776E-01
  7.54000000E+00  3.34588322E-01
  7.55000000E+00  3.55329586E-01
  7.56000000E+00  3.76036564E-01
  7.57000000E+00  3.96707255E-01
  7.58000000E+00  4.17339660E-01
  7.59000000E+00  4.37931784E-01
  7.60000000E+00  4.58481636E-01
  7.61000000E+00  4.78987226E-01
  7.62000000E+00  4.99446573E-01
  7.63000000E+00  5.19857695E-01
  7.64000000E+00  5.40218617E-01
  7.65000000E+00  5.60527368E-01
  7.66000000E+00  5.80781982E-01
  7.67000000E+00  6.00980497E-01
  7.68000000E+00  6.21120957E-01
  7.69000000E+00  6.41201410E-01
  7.70000000E+00  6.61219912E-01
  7.71000000E+00  6.81174522E-01
  7.72000000E+00  7.01063305E-01
  7.73000000E+00  7.20884336E-01
  7.74000000E+00  7.40635690E-01
  7.75000000E+00  7.60315454E-01
  7.76000000E+00  7.79921717E-01
  7.77000000E+00  7.99452580E-01
  7.78000000E+00  8.18906146E-01
  7.79000000E+00  8.38280527E-01
  7.80000000E+00  8.57573844E-01
  7.81000000E+00  8.76784223E-01
  7.82000000E+00  8.95909799E-01
  7.83000000E+00  9.14948715E-01
  7.84000000E+00  9.33899121E-01
  7.85000000E+00  9.52759177E-01
  7.86000000E+00  9.71527049E-01
  7.87000000E+00  9.90200915E-01
  7.88000000E+00  1.00877896E+00
  7.89000000E+00  1.02725937E+00
  7.90000000E+00  1.04564036E+00
  7.91000000E+00  1.06392014E+00
  7.92000000E+00  1.08209692E+00
  7.93000000E+00  1.10016895E+00
  7.94000000E+00  1.11813446E+00
  7.95000000E+00  1.13599170E+00
  7.96000000E+00  1.15373893E+00
  7.97000000E+00  1.17137444E+00
  7.98000000E+00  1.18889649E+00
  7.99000000E+00  1.20630339E+00
  8.00000000E+00  1.22359344E+00
  8.01000000E+00  1.24076496E+00
  8.02000000E+00  1.25781626E+00
  8.03000000E+00  1.27474570E+00
  8.04000000E+00  1.29155162E+00
  8.05000000E+00  1.30823237E+00
  8.06000000E+00  1.32478635E+00
  8.07000000E+00  1.34121192E+00
  8.08000000E+00  1.35750750E+00
  8.09000000E+00  1.37367148E+00
  8.10000000E+00  1.38970230E+00
  8.11000000E+00  1.40559838E+00
  8.12000000E+00  1.42135818E+00
  8.13000000E+00  1.43698015E+00
  8.14000000E+00  1.45246278E+00
  8.15000000E+00  1.46780454E+00
  8.16000000E+00  1.48300394E+00
  8.17000000E+00  1.49805950E+00
  8.18000000E+00  1.51296974E+00
  8.19000000E+00  1.52773320E+00
  8.20000000E+00  1.54234845E+00
  8.21000000E+00  1.55681405E+00
  8.22000000E+00  1.57112859E+00
  8.23000000E+00  1.58529066E+00
  8.24000000E+00  1.59929889E+00
  8.25000000E+00  1.61315190E+00
  8.26000000E+00  1.62684833E+00
  8.27000000E+00  1.64038685E+00
  8.28000000E+00  1.65376613E+00
  8.29000000E+00  1.66698485E+00
  8.30000000E+00  1.68004173E+00
  8.31000000E+00  1.69293549E+00
  8.32000000E+00  1.70566485E+00
  8.33000000E+00  1.71822858E+00
  8.34000000E+00  1.73062544E+00
  8.35000000E+00  1.74285422E+00
  8.36000000E+00  1.75491371E+00
  8.37000000E+00  1.76680273E+00
  8.38000000E+00  1.77852012E+00
  8.39000000E+00  1.79006472E+00
  8.40000000E+00  1.80143541E+00
  8.41000000E+00  1.81263105E+00
  8.42000000E+00  1.82365056E+00
  8.43000000E+00  1.83449285E+00
  8.44000000E+00  1.84515685E+00
  8.45000000E+00  1.85564152E+00
  8.46000000E+00  1.86594582E+00
  8.47000000E+00  1.87606875E+00
  8.48000000E+00  1.88600929E+00
  8.49000000E+00  1.89576648E+00
  8.50000000E+00  1.90533935E+00
  8.51000000E+00  1.91472697E+00
  8.52000000E+00  1.92392840E+00
  8.53000000E+00  1.93294274E+00
  8.54000000E+00  1.94176909E+00
  8.55000000E+00  1.95040660E+00
  8.56000000E+00  1.95885441E+00
  8.57000000E+00  1.96711168E+00
  8.58000000E+00  1.97517759E+00
  8.59000000E+00  1.98305136E+00
  8.60000000E+00  1.99073220E+00
  8.61000000E+00  1.99821935E+00
  8.62000000E+00  2.00551207E+00
  8.63000000E+00  2.01260964E+00
  8.64000000E+00  2.01951136E+00
  8.65000000E+00  2.02621654E+00
  8.66000000E+00  2.03272451E+00
  8.67000000E+00  2.03903463E+00
  8.68000000E+00  2.04514627E+00
  8.69000000E+00  2.05105883E+00
  8.70000000E+00  2.05677172E+00
  8.71000000E+00  2.06228436E+00
  8.72000000E+00  2.06759621E+00
  8.73000000E+00  2.07270674E+00
  8.74000000E+00  2.07761544E+00
  8.75000000E+00  2.08232182E+00
  8.76000000E+00  2.08682541E+00
  8.77000000E+00  2.09112575E+00
  8.78000000E+00  2.09522242E+00
  8.79000000E+00  2.09911500E+00
  8.80000000E+00  2.10280310E+00
  8.81000000E+00  2.10628636E+00
  8.82000000E+00  2.10956442E+00
  8.83000000E+00  2.11263695E+00
  8.84000000E+00  2.11550364E+00
  8.85000000E+00  2.11816419E+00
  8.86000000E+00  2.12061834E+00
  8.87000000E+00  2.12286583E+00
  8.88000000E+00  2.12490643E+00
  8.89000000E+00  2.12673993E+00
  8.90000000E+00  2.12836615E+00
  8.91000000E+00  2.12978490E+00
  8.92000000E+00  2.13099604E+00
  8.93000000E+00  2.13199944E+00
  8.94000000E+00  2.13279498E+00
  8.95000000E+00  2.13338259E+00
  8.96000000E+00  2.13376218E+00
  8.97000000E+00  2.13393371E+00
  8.98000000E+00  2.13389716E+00
  8.99000000E+00  2.13365250E+00
  9.00000000E+00  2.13319976E+00
  9.01000000E+00  2.13253897E+00
  9.02000000E+00  2.13167018E+00
  9.03000000E+00  2.13059347E+00
  9.04000000E+00  2.12930892E+00
  9.05000000E+00  2.12781665E+00
  9.06000000E+00  2.12611680E+00
  9.07000000E+00  2.12420952E+00
  9.08000000E+00  2.12209498E+00
  9.09000000E+00  2.11977339E+00
  9.10000000E+00  2.11724495E+00
  9.11000000E+00  2.11450990E+00
  9.12000000E+00  2.11156850E+00
  9.13000000E+00  2.10842102E+00
  9.14000000E+00  2.10506777E+00
  9.15000000E+00  2.10150904E+00
  9.16000000E+00  2.09774519E+00
  9.17000000E+00  2.09377656E+00
  9.18000000E+00  2.08960354E+00
  9.19000000E+00  2.08522652E+00
  9.20000000E+00  2.08064591E+00
  9.21000000E+00  2.07586216E+00
  9.22000000E+00  2.07087572E+00
  9.23000000E+00  2.06568706E+00
  9.24000000E+00  2.06029668E+00
  9.25000000E+00  2.05470510E+00
  9.26000000E+00  2.04891285E+00
  9.27000000E+00  2.04292049E+00
  9.28000000E+00  2.03672859E+00
  9.29000000E+00  2.03033775E+00
  9.30000000E+00  2.02374858E+00
  9.31000000E+00  2.01696172E+00
  9.32000000E+00  2.00997782E+00
  9.33000000E+00  2.00279755E+00
  9.34000000E+00  1.99542160E+00
  9.35000000E+00  1.98785069E+00
  9.36000000E+00  1.98008555E+00
  9.37000000E+00  1.97212691E+00
  9.38000000E+00  1.96397556E+00
  9.39000000E+00  1.95563228E+00
  9.40000000E+00  1.94709788E+00
  9.41000000E+00  1.93837317E+00
  9.42000000E+00  1.92945901E+00
  9.43000000E+00  1.92035625E+00
  9.44000000E+00  1.91106577E+00
  9.45000000E+00  1.90158848E+00
  9.46000000E+00  1.89192529E+00
  9.47000000E+00  1.88207713E+00
  9.48000000E+00  1.87204497E+00
  9.49000000E+00  1.86182976E+00
  9.50000000E+00  1.85143251E+00
  9.51000000E+00  1.84085422E+00
  9.52000000E+00  1.83009591E+00
  9.53000000E+00  1.81915863E+00
  9.54000000E+00  1.80804345E+00
  9.55000000E+00  1.79675143E+00
  9.56000000E+00  1.78528368E+00
  9.57000000E+00  1.77364131E+00
  9.58000000E+00  1.76182545E+00
  9.59000000E+00  1.74983725E+00
  9.60000000E+00  1.73767787E+00
  9.61000000E+00  1.72534850E+00
  9.62000000E+00  1.71285033E+00
  9.63000000E+00  1.70018458E+00
  9.64000000E+00  1.68735248E+00
  9.65000000E+00  1.67435528E+00
  9.66000000E+00  1.66119424E+00
  9.67000000E+00  1.64787065E+00
  9.68000000E+00  1.63438579E+00
  9.69000000E+00  1.62074098E+00
  9.70000000E+00  1.60693756E+00
  9.71000000E+00  1.59297685E+00
  9.72000000E+00  1.57886023E+00
  9.73000000E+00  1.56458907E+00
  9.74000000E+00  1.55016475E+00
  9.75000000E+00  1.53558868E+00
  9.76000000E+00  1.52086228E+00
  9.77000000E+00  1.50598700E+00
  9.78000000E+00  1.49096427E+00
  9.79000000E+00  1.47579556E+00
  9.80000000E+00  1.46048235E+00
  9.81000000E+00  1.44502613E+00
  9.82000000E+00  1.42942842E+00
  9.83000000E+00  1.41369073E+00
  9.84000000E+00  1.39781460E+00
  9.85000000E+00  1.38180158E+00
  9.86000000E+00  1.36565322E+00
  9.87000000E+00  1.34937111E+00
  9.88000000E+00  1.33295684E+00
  9.89000000E+00  1.31641200E+00
  9.90000000E+00  1.29973821E+00
  9.91000000E+00  1.28293711E+00
  9.92000000E+00  1.26601032E+00
  9.93000000E+00  1.24895951E+00
  9.94000000E+00  1.23178633E+00
  9.95000000E+00  1.21449248E+00
  9.96000000E+00  1.19707962E+00
  9.97000000E+00  1.17954947E+00
  9.98000000E+00  1.16190374E+00
  9.99000000E+00  1.14414415E+00
  1.00000000E+01  1.12627245E+00

