   1000.0000000000000      -0.14656969576024409      -0.14656966768983554       0.49594609118465061       0.49686066612416885       0.49782569551293065     
   1011.1111111111111      -0.14656868599403614      -0.14656865795907045       0.49592526129526276       0.49685027300018897       0.49782573065791724     
   1022.2222222222222      -0.14656767576230922      -0.14656764774180683       0.49590443009150847       0.49683987921016221       0.49782576529843975     
   1033.3333333333333      -0.14656666501254956      -0.14656663705772310       0.49588359758476136       0.49682948477494543       0.49782579945053013     
   1044.4444444444443      -0.14656565379370873      -0.14656562588211669       0.49586276378424610       0.49681908971494065       0.49782583313032397     
   1055.5555555555557      -0.14656464210807565      -0.14656461421928274       0.49584192869807808       0.49680869404540789       0.49782586635219545     
   1066.6666666666667      -0.14656362994504055      -0.14656360206231403       0.49582109233316085       0.49679829778720619       0.49782589913118513     
   1077.7777777777778      -0.14656261725148459      -0.14656258944623260       0.49580025469478883       0.49678790095468545       0.49782593148056303     
   1088.8888888888889      -0.14656160409944366      -0.14656157632538319       0.49577941578685281       0.49677750356552114       0.49782596341379243     
   1100.0000000000000      -0.14656059044165620      -0.14656056272544732       0.49575857561237002       0.49676710563463128       0.49782599494297203     
