    0.2000000000D+01    0.7048810499D-12
    0.2241206030D+01    0.6406247169D-12
    0.2482412060D+01    0.5680666387D-12
    0.2723618090D+01    0.4932028301D-12
    0.2964824121D+01    0.4200396158D-12
    0.3206030151D+01    0.3511472821D-12
    0.3447236181D+01    0.2880743418D-12
    0.3688442211D+01    0.2316542466D-12
    0.3929648241D+01    0.1822198596D-12
    0.4170854271D+01    0.1397537540D-12
    0.4412060302D+01    0.1040004329D-12
    0.4653266332D+01    0.7455204029D-13
    0.4894472362D+01    0.5091056043D-13
    0.5135678392D+01    0.3253029166D-13
    0.5376884422D+01    0.1884685075D-13
    0.5618090452D+01    0.9298142597D-14
    0.5859296482D+01    0.3339875623D-14
    0.6100502513D+01    0.4562588967D-15
    0.6341708543D+01    0.1663773661D-15
    0.6582914573D+01    0.2027350193D-14
    0.6824120603D+01    0.5635571943D-14
    0.7065326633D+01    0.1062690221D-13
    0.7306532663D+01    0.1667608529D-13
    0.7547738693D+01    0.2349540104D-13
    0.7788944724D+01    0.3083262071D-13
    0.8030150754D+01    0.3846852658D-13
    0.8271356784D+01    0.4621431906D-13
    0.8512562814D+01    0.5390912820D-13
    0.8753768844D+01    0.6141767314D-13
    0.8994974874D+01    0.6862799917D-13
    0.9236180905D+01    0.7544921932D-13
    0.9477386935D+01    0.8180925819D-13
    0.9718592965D+01    0.8765266618D-13
    0.9959798995D+01    0.9293859282D-13
    0.1020100503D+02    0.9763897348D-13
    0.1044221106D+02    0.1017369271D-12
    0.1068341709D+02    0.1052253215D-12
    0.1092462312D+02    0.1081054528D-12
    0.1116582915D+02    0.1103858094D-12
    0.1140703518D+02    0.1120809151D-12
    0.1164824121D+02    0.1132102713D-12
    0.1188944724D+02    0.1137974158D-12
    0.1213065327D+02    0.1138691050D-12
    0.1237185930D+02    0.1134546099D-12
    0.1261306533D+02    0.1125851035D-12
    0.1285427136D+02    0.1112931193D-12
    0.1309547739D+02    0.1096120637D-12
    0.1333668342D+02    0.1075757788D-12
    0.1357788945D+02    0.1052181579D-12
    0.1381909548D+02    0.1025728158D-12
    0.1406030151D+02    0.9967281562D-13
    0.1430150754D+02    0.9655044749D-13
    0.1454271357D+02    0.9323704857D-13
    0.1478391960D+02    0.8976285536D-13
    0.1502512563D+02    0.8615687968D-13
    0.1526633166D+02    0.8244680423D-13
    0.1550753769D+02    0.7865889728D-13
    0.1574874372D+02    0.7481794846D-13
    0.1598994975D+02    0.7094722706D-13
    0.1623115578D+02    0.6706846263D-13
    0.1647236181D+02    0.6320184499D-13
    0.1671356784D+02    0.5936603900D-13
    0.1695477387D+02    0.5557820865D-13
    0.1719597990D+02    0.5185404628D-13
    0.1743718593D+02    0.4820780440D-13
    0.1767839196D+02    0.4465232965D-13
    0.1791959799D+02    0.4119910019D-13
    0.1816080402D+02    0.3785826797D-13
    0.1840201005D+02    0.3463870726D-13
    0.1864321608D+02    0.3154806924D-13
    0.1888442211D+02    0.2859284174D-13
    0.1912562814D+02    0.2577841173D-13
    0.1936683417D+02    0.2310912837D-13
    0.1960804020D+02    0.2058836440D-13
    0.1984924623D+02    0.1821857478D-13
    0.2009045226D+02    0.1600135220D-13
    0.2033165829D+02    0.1393748007D-13
    0.2057286432D+02    0.1202698371D-13
    0.2081407035D+02    0.1026918082D-13
    0.2105527638D+02    0.8662731579D-14
    0.2129648241D+02    0.7205688269D-14
    0.2153768844D+02    0.5895543915D-14
    0.2177889447D+02    0.4729278885D-14
    0.2202010050D+02    0.3703404456D-14
    0.2226130653D+02    0.2814002394D-14
    0.2250251256D+02    0.2056759912D-14
    0.2274371859D+02    0.1426999593D-14
    0.2298492462D+02    0.9197040146D-15
    0.2322613065D+02    0.5295347118D-15
    0.2346733668D+02    0.2508447559D-15
    0.2370854271D+02    0.7768361236D-16
    0.2394974874D+02    0.3792009059D-17
    0.2419095477D+02    0.2258332144D-16
    0.2443216080D+02    0.1271062721D-15
    0.2467336683D+02    0.3099812759D-15
    0.2491457286D+02    0.5632989466D-15
    0.2515577889D+02    0.8784630783D-15
    0.2539698492D+02    0.1245949937D-14
    0.2563819095D+02    0.1654937436D-14
    0.2587939698D+02    0.2092724933D-14
    0.2612060302D+02    0.2543803247D-14
    0.2636180905D+02    0.2988315882D-14
    0.2660301508D+02    0.3399411566D-14
    0.2684422111D+02    0.3738474395D-14
    0.2708542714D+02    0.3946071235D-14
    0.2732663317D+02    0.3923858692D-14
    0.2756783920D+02    0.3497670447D-14
    0.2780904523D+02    0.2358145437D-14
    0.2805025126D+02    0.3323819192D-15
    0.2829145729D+02    0.8393846437D-14
    0.2853266332D+02    0.4976971384D-13
    0.2877386935D+02    0.3528533317D-13
    0.2901507538D+02    0.2893320953D-13
    0.2925628141D+02    0.2648096072D-13
    0.2949748744D+02    0.2554024093D-13
    0.2973869347D+02    0.2530687861D-13
    0.2997989950D+02    0.2545134143D-13
    0.3022110553D+02    0.2581538849D-13
    0.3046231156D+02    0.2631355595D-13
    0.3070351759D+02    0.2689535517D-13
    0.3094472362D+02    0.2752877184D-13
    0.3118592965D+02    0.2819230843D-13
    0.3142713568D+02    0.2887083200D-13
    0.3166834171D+02    0.2955326489D-13
    0.3190954774D+02    0.3023123075D-13
    0.3215075377D+02    0.3089822478D-13
    0.3239195980D+02    0.3154908541D-13
    0.3263316583D+02    0.3217964666D-13
    0.3287437186D+02    0.3278650273D-13
    0.3311557789D+02    0.3336684421D-13
    0.3335678392D+02    0.3391834151D-13
    0.3359798995D+02    0.3443905977D-13
    0.3383919598D+02    0.3492739560D-13
    0.3408040201D+02    0.3538202874D-13
    0.3432160804D+02    0.3580188454D-13
    0.3456281407D+02    0.3618610402D-13
    0.3480402010D+02    0.3653401964D-13
    0.3504522613D+02    0.3684513518D-13
    0.3528643216D+02    0.3711910897D-13
    0.3552763819D+02    0.3735573944D-13
    0.3576884422D+02    0.3755495283D-13
    0.3601005025D+02    0.3771679238D-13
    0.3625125628D+02    0.3784140888D-13
    0.3649246231D+02    0.3792905220D-13
    0.3673366834D+02    0.3798006370D-13
    0.3697487437D+02    0.3799486932D-13
    0.3721608040D+02    0.3797397316D-13
    0.3745728643D+02    0.3791795145D-13
    0.3769849246D+02    0.3782744692D-13
    0.3793969849D+02    0.3770316337D-13
    0.3818090452D+02    0.3754586054D-13
    0.3842211055D+02    0.3735634920D-13
    0.3866331658D+02    0.3713548647D-13
    0.3890452261D+02    0.3688417134D-13
    0.3914572864D+02    0.3660334053D-13
    0.3938693467D+02    0.3629396447D-13
    0.3962814070D+02    0.3595704359D-13
    0.3986934673D+02    0.3559360480D-13
    0.4011055276D+02    0.3520469811D-13
    0.4035175879D+02    0.3479139348D-13
    0.4059296482D+02    0.3435477775D-13
    0.4083417085D+02    0.3389595171D-13
    0.4107537688D+02    0.3341602721D-13
    0.4131658291D+02    0.3291612448D-13
    0.4155778894D+02    0.3239736938D-13
    0.4179899497D+02    0.3186089091D-13
    0.4204020101D+02    0.3130781870D-13
    0.4228140704D+02    0.3073928076D-13
    0.4252261307D+02    0.3015640122D-13
    0.4276381910D+02    0.2956029837D-13
    0.4300502513D+02    0.2895208276D-13
    0.4324623116D+02    0.2833285544D-13
    0.4348743719D+02    0.2770370642D-13
    0.4372864322D+02    0.2706571311D-13
    0.4396984925D+02    0.2641993898D-13
    0.4421105528D+02    0.2576743226D-13
    0.4445226131D+02    0.2510922465D-13
    0.4469346734D+02    0.2444633019D-13
    0.4493467337D+02    0.2377974404D-13
    0.4517587940D+02    0.2311044147D-13
    0.4541708543D+02    0.2243937675D-13
    0.4565829146D+02    0.2176748224D-13
    0.4589949749D+02    0.2109566742D-13
    0.4614070352D+02    0.2042481814D-13
    0.4638190955D+02    0.1975579589D-13
    0.4662311558D+02    0.1908943717D-13
    0.4686432161D+02    0.1842655300D-13
    0.4710552764D+02    0.1776792851D-13
    0.4734673367D+02    0.1711432259D-13
    0.4758793970D+02    0.1646646765D-13
    0.4782914573D+02    0.1582506945D-13
    0.4807035176D+02    0.1519080693D-13
    0.4831155779D+02    0.1456433210D-13
    0.4855276382D+02    0.1394626998D-13
    0.4879396985D+02    0.1333721848D-13
    0.4903517588D+02    0.1273774843D-13
    0.4927638191D+02    0.1214840347D-13
    0.4951758794D+02    0.1156970009D-13
    0.4975879397D+02    0.1100212762D-13
    0.5000000000D+02    0.1044614833D-13
