   1.0000000000000000                            NaN
   1.5997998999499750                            NaN
   2.1995997998999499                            NaN
   2.7993996998499249                            NaN
   3.3991995997998998                            NaN
   3.9989994997498748                            NaN
   4.5987993996998497                            NaN
   5.1985992996498247                            NaN
   5.7983991995997997                            NaN
   6.3981990995497746                            NaN
   6.9979989994997496                            NaN
   7.5977988994497245                            NaN
   8.1975987993996995                            NaN
   8.7973986993496744                            NaN
   9.3971985992996494                            NaN
   9.9969984992496244                            NaN
   10.596798399199599                            NaN
   11.196598299149574                            NaN
   11.796398199099549                            NaN
   12.396198099049524                            NaN
   12.995997998999499                            NaN
   13.595797898949474                            NaN
   14.195597798899449                            NaN
   14.795397698849424                            NaN
   15.395197598799399                            NaN
   15.994997498749374                            NaN
   16.594797398699349                            NaN
   17.194597298649324                            NaN
   17.794397198599299                            NaN
   18.394197098549274                            NaN
   18.993996998499249                            NaN
   19.593796898449224                            NaN
   20.193596798399199                            NaN
   20.793396698349174                            NaN
   21.393196598299149                            NaN
   21.992996498249124                            NaN
   22.592796398199098                            NaN
   23.192596298149073                            NaN
   23.792396198099048                            NaN
   24.392196098049023                            NaN
   24.991995997998998                            NaN
   25.591795897948973                            NaN
   26.191595797898948                            NaN
   26.791395697848923                            NaN
   27.391195597798898                            NaN
   27.990995497748873                            NaN
   28.590795397698848                            NaN
   29.190595297648823                            NaN
   29.790395197598798                            NaN
   30.390195097548773                            NaN
   30.989994997498748                            NaN
   31.589794897448723                            NaN
   32.189594797398698                            NaN
   32.789394697348669                            NaN
   33.389194597298648                            NaN
   33.988994497248626                            NaN
   34.588794397198598                            NaN
   35.188594297148569                            NaN
   35.788394197098548                            NaN
   36.388194097048526                            NaN
   36.987993996998497                            NaN
   37.587793896948469                            NaN
   38.187593796898447                            NaN
   38.787393696848426                            NaN
   39.387193596798397                            NaN
   39.986993496748369                            NaN
   40.586793396698347                            NaN
   41.186593296648326                            NaN
   41.786393196598297                            NaN
   42.386193096548268                            NaN
   42.985992996498247                            NaN
   43.585792896448226                            NaN
   44.185592796398197                            NaN
   44.785392696348168                            NaN
   45.385192596298147                            NaN
   45.984992496248125                            NaN
   46.584792396198097                            NaN
   47.184592296148068                            NaN
   47.784392196098047                            NaN
   48.384192096048025                            NaN
   48.983991995997997                            NaN
   49.583791895947968                            NaN
   50.183591795897946                            NaN
   50.783391695847925                            NaN
   51.383191595797896                            NaN
   51.982991495747868                            NaN
   52.582791395697846                            NaN
   53.182591295647825                            NaN
   53.782391195597796                            NaN
   54.382191095547768                            NaN
   54.981990995497746                            NaN
   55.581790895447725                            NaN
   56.181590795397696                            NaN
   56.781390695347667                            NaN
   57.381190595297646                            NaN
   57.980990495247624                            NaN
   58.580790395197596                            NaN
   59.180590295147567                            NaN
   59.780390195097546                            NaN
   60.380190095047524                            NaN
   60.979989994997496                            NaN
   61.579789894947467                            NaN
   62.179589794897446                            NaN
   62.779389694847424                            NaN
   63.379189594797396                            NaN
   63.978989494747367                            NaN
   64.578789394697338                            NaN
   65.178589294647324                            NaN
   65.778389194597295                            NaN
   66.378189094547267                            NaN
   66.977988994497252                            NaN
   67.577788894447224                            NaN
   68.177588794397195                            NaN
   68.777388694347167                            NaN
   69.377188594297138                            NaN
   69.976988494247124                            NaN
   70.576788394197095                            NaN
   71.176588294147066                            NaN
   71.776388194097052                            NaN
   72.376188094047023                            NaN
   72.975987993996995                            NaN
   73.575787893946966                            NaN
   74.175587793896938                            NaN
   74.775387693846923                            NaN
   75.375187593796895                            NaN
   75.974987493746866                            NaN
   76.574787393696852                            NaN
   77.174587293646823                            NaN
   77.774387193596795                            NaN
   78.374187093546766                            NaN
   78.973986993496737                            NaN
   79.573786893446723                            NaN
   80.173586793396694                            NaN
   80.773386693346666                            NaN
   81.373186593296651                            NaN
   81.972986493246623                            NaN
   82.572786393196594                            NaN
   83.172586293146566                            NaN
   83.772386193096537                            NaN
   84.372186093046523                            NaN
   84.971985992996494                            NaN
   85.571785892946465                            NaN
   86.171585792896451                            NaN
   86.771385692846422                            NaN
   87.371185592796394                            NaN
   87.970985492746365                            NaN
   88.570785392696337                            NaN
   89.170585292646322                            NaN
   89.770385192596294                            NaN
   90.370185092546265                            NaN
   90.969984992496251                            NaN
   91.569784892446222                            NaN
   92.169584792396194                            NaN
   92.769384692346165                            NaN
   93.369184592296136                            NaN
   93.968984492246122                            NaN
   94.568784392196093                            NaN
   95.168584292146065                            NaN
   95.768384192096050                            NaN
   96.368184092046022                            NaN
   96.967983991995993                            NaN
   97.567783891945965                            NaN
   98.167583791895936                            NaN
   98.767383691845922                            NaN
   99.367183591795893                            NaN
   99.966983491745864                            NaN
   100.56678339169585                            NaN
   101.16658329164582                            NaN
   101.76638319159579                            NaN
   102.36618309154576                            NaN
   102.96598299149574                            NaN
   103.56578289144572                            NaN
   104.16558279139569                            NaN
   104.76538269134566                            NaN
   105.36518259129565                            NaN
   105.96498249124562                            NaN
   106.56478239119559                            NaN
   107.16458229114556                            NaN
   107.76438219109554                            NaN
   108.36418209104552                            NaN
   108.96398199099549                            NaN
   109.56378189094546                            NaN
   110.16358179089545                            NaN
   110.76338169084542                            NaN
   111.36318159079539                            NaN
   111.96298149074536                            NaN
   112.56278139069533                            NaN
   113.16258129064532                            NaN
   113.76238119059529                            NaN
   114.36218109054526                            NaN
   114.96198099049525                            NaN
   115.56178089044522                            NaN
   116.16158079039519                            NaN
   116.76138069034516                            NaN
   117.36118059029513                            NaN
   117.96098049024512                            NaN
   118.56078039019509                            NaN
   119.16058029014506                            NaN
   119.76038019009505                            NaN
   120.36018009004502                            NaN
   120.95997998999499                            NaN
   121.55977988994496                            NaN
   122.15957978989493                            NaN
   122.75937968984492                            NaN
   123.35917958979489                            NaN
   123.95897948974486                            NaN
   124.55877938969485                            NaN
   125.15857928964482                            NaN
   125.75837918959479                            NaN
   126.35817908954476                            NaN
   126.95797898949473                            NaN
   127.55777888944472                            NaN
   128.15757878939468                            NaN
   128.75737868934465                            NaN
   129.35717858929465                            NaN
   129.95697848924462                            NaN
   130.55677838919459                            NaN
   131.15657828914456                            NaN
   131.75637818909453                            NaN
   132.35617808904450                            NaN
   132.95597798899450                            NaN
   133.55577788894448                            NaN
   134.15557778889445                            NaN
   134.75537768884442                            NaN
   135.35517758879439                            NaN
   135.95497748874436                            NaN
   136.55477738869433                            NaN
   137.15457728864430                            NaN
   137.75437718859428                            NaN
   138.35417708854428                            NaN
   138.95397698849425                            NaN
   139.55377688844422                            NaN
   140.15357678839419                            NaN
   140.75337668834416                            NaN
   141.35317658829413                            NaN
   141.95297648824410                            NaN
   142.55277638819410                            NaN
   143.15257628814408                            NaN
   143.75237618809405                            NaN
   144.35217608804402                            NaN
   144.95197598799399                            NaN
   145.55177588794396                            NaN
   146.15157578789393                            NaN
   146.75137568784390                            NaN
   147.35117558779388                            NaN
   147.95097548774388                            NaN
   148.55077538769385                            NaN
   149.15057528764382                            NaN
   149.75037518759379                            NaN
   150.35017508754376                            NaN
   150.94997498749373                            NaN
   151.54977488744370                            NaN
   152.14957478739370                            NaN
   152.74937468734367                            NaN
   153.34917458729365                            NaN
   153.94897448724362                            NaN
   154.54877438719359                            NaN
   155.14857428714356                            NaN
   155.74837418709353                            NaN
   156.34817408704350                            NaN
   156.94797398699347                            NaN
   157.54777388694347                            NaN
   158.14757378689345                            NaN
   158.74737368684342                            NaN
   159.34717358679339                            NaN
   159.94697348674336                            NaN
   160.54677338669333                            NaN
   161.14657328664330                            NaN
   161.74637318659330                            NaN
   162.34617308654327                            NaN
   162.94597298649325                            NaN
   163.54577288644322                            NaN
   164.14557278639319                            NaN
   164.74537268634316                            NaN
   165.34517258629313                            NaN
   165.94497248624310                            NaN
   166.54477238619307                            NaN
   167.14457228614307                            NaN
   167.74437218609305                            NaN
   168.34417208604302                            NaN
   168.94397198599299                            NaN
   169.54377188594296                            NaN
   170.14357178589293                            NaN
   170.74337168584290                            NaN
   171.34317158579290                            NaN
   171.94297148574287                            NaN
   172.54277138569284                            NaN
   173.14257128564282                            NaN
   173.74237118559279                            NaN
   174.34217108554276                            NaN
   174.94197098549273                            NaN
   175.54177088544270                            NaN
   176.14157078539267                            NaN
   176.74137068534267                            NaN
   177.34117058529264                            NaN
   177.94097048524262                            NaN
   178.54077038519259                            NaN
   179.14057028514256                            NaN
   179.74037018509253                            NaN
   180.34017008504250                            NaN
   180.93996998499250                            NaN
   181.53976988494247                            NaN
   182.13956978489244                            NaN
   182.73936968484242                            NaN
   183.33916958479239                            NaN
   183.93896948474236                            NaN
   184.53876938469233                            NaN
   185.13856928464230                            NaN
   185.73836918459227                            NaN
   186.33816908454227                            NaN
   186.93796898449224                            NaN
   187.53776888444222                            NaN
   188.13756878439219                            NaN
   188.73736868434216                            NaN
   189.33716858429213                            NaN
   189.93696848424210                            NaN
   190.53676838419210                            NaN
   191.13656828414207                            NaN
   191.73636818409204                            NaN
   192.33616808404201                            NaN
   192.93596798399199                            NaN
   193.53576788394196                            NaN
   194.13556778389193                            NaN
   194.73536768384190                            NaN
   195.33516758379187                            NaN
   195.93496748374187                            NaN
   196.53476738369184                            NaN
   197.13456728364181                            NaN
   197.73436718359179                            NaN
   198.33416708354176                            NaN
   198.93396698349173                            NaN
   199.53376688344170                            NaN
   200.13356678339170                            NaN
   200.73336668334167                            NaN
   201.33316658329164                            NaN
   201.93296648324161                            NaN
   202.53276638319159                            NaN
   203.13256628314156                            NaN
   203.73236618309153                            NaN
   204.33216608304150                            NaN
   204.93196598299147                            NaN
   205.53176588294147                            NaN
   206.13156578289144                            NaN
   206.73136568284141                            NaN
   207.33116558279139                            NaN
   207.93096548274136                            NaN
   208.53076538269133                            NaN
   209.13056528264130                            NaN
   209.73036518259130                            NaN
   210.33016508254127                            NaN
   210.92996498249124                            NaN
   211.52976488244121                            NaN
   212.12956478239118                            NaN
   212.72936468234116                            NaN
   213.32916458229113                            NaN
   213.92896448224110                            NaN
   214.52876438219107                            NaN
   215.12856428214107                            NaN
   215.72836418209104                            NaN
   216.32816408204101                            NaN
   216.92796398199098                            NaN
   217.52776388194096                            NaN
   218.12756378189093                            NaN
   218.72736368184090                            NaN
   219.32716358179090                            NaN
   219.92696348174087                            NaN
   220.52676338169084                            NaN
   221.12656328164081                            NaN
   221.72636318159078                            NaN
   222.32616308154076                            NaN
   222.92596298149073                            NaN
   223.52576288144070                            NaN
   224.12556278139067                            NaN
   224.72536268134067                            NaN
   225.32516258129064                            NaN
   225.92496248124061                            NaN
   226.52476238119058                            NaN
   227.12456228114056                            NaN
   227.72436218109053                            NaN
   228.32416208104050                            NaN
   228.92396198099050                            NaN
   229.52376188094047                            NaN
   230.12356178089044                            NaN
   230.72336168084041                            NaN
   231.32316158079038                            NaN
   231.92296148074036                            NaN
   232.52276138069033                            NaN
   233.12256128064030                            NaN
   233.72236118059027                            NaN
   234.32216108054027                            NaN
   234.92196098049024                            NaN
   235.52176088044021                            NaN
   236.12156078039018                            NaN
   236.72136068034015                            NaN
   237.32116058029013                            NaN
   237.92096048024010                            NaN
   238.52076038019010                            NaN
   239.12056028014007                            NaN
   239.72036018009004                            NaN
   240.32016008004001                            NaN
   240.91995997998998                            NaN
   241.51975987993995                            NaN
   242.11955977988993                            NaN
   242.71935967983990                            NaN
   243.31915957978987                            NaN
   243.91895947973987                            NaN
   244.51875937968984                            NaN
   245.11855927963981                            NaN
   245.71835917958978                            NaN
   246.31815907953975                            NaN
   246.91795897948973                            NaN
   247.51775887943970                            NaN
   248.11755877938970                            NaN
   248.71735867933967                            NaN
   249.31715857928964                            NaN
   249.91695847923961                            NaN
   250.51675837918958                            NaN
   251.11655827913955                            NaN
   251.71635817908953                            NaN
   252.31615807903950                            NaN
   252.91595797898947                            NaN
   253.51575787893947                            NaN
   254.11555777888944                            NaN
   254.71535767883941                            NaN
   255.31515757878938                            NaN
   255.91495747873935                            NaN
   256.51475737868930                            NaN
   257.11455727863932                            NaN
   257.71435717858930                            NaN
   258.31415707853927                            NaN
   258.91395697848924                            NaN
   259.51375687843921                            NaN
   260.11355677838918                            NaN
   260.71335667833915                            NaN
   261.31315657828912                            NaN
   261.91295647823910                            NaN
   262.51275637818907                            NaN
   263.11255627813904                            NaN
   263.71235617808901                            NaN
   264.31215607803898                            NaN
   264.91195597798901                            NaN
   265.51175587793898                            NaN
   266.11155577788895                            NaN
   266.71135567783892                            NaN
   267.31115557778890                            NaN
   267.91095547773887                            NaN
   268.51075537768884                            NaN
   269.11055527763881                            NaN
   269.71035517758878                            NaN
   270.31015507753875                            NaN
   270.90995497748872                            NaN
   271.50975487743870                            NaN
   272.10955477738867                            NaN
   272.70935467733864                            NaN
   273.30915457728861                            NaN
   273.90895447723858                            NaN
   274.50875437718855                            NaN
   275.10855427713858                            NaN
   275.70835417708855                            NaN
   276.30815407703852                            NaN
   276.90795397698849                            NaN
   277.50775387693847                            NaN
   278.10755377688844                            NaN
   278.70735367683841                            NaN
   279.30715357678838                            NaN
   279.90695347673835                            NaN
   280.50675337668832                            NaN
   281.10655327663829                            NaN
   281.70635317658827                            NaN
   282.30615307653824                            NaN
   282.90595297648821                            NaN
   283.50575287643818                            NaN
   284.10555277638821                            NaN
   284.70535267633818                            NaN
   285.30515257628815                            NaN
   285.90495247623812                            NaN
   286.50475237618809                            NaN
   287.10455227613807                            NaN
   287.70435217608804                            NaN
   288.30415207603801                            NaN
   288.90395197598798                            NaN
   289.50375187593795                            NaN
   290.10355177588792                            NaN
   290.70335167583789                            NaN
   291.30315157578787                            NaN
   291.90295147573784                            NaN
   292.50275137568781                            NaN
   293.10255127563778                            NaN
   293.70235117558775                            NaN
   294.30215107553778                            NaN
   294.90195097548775                            NaN
   295.50175087543772                            NaN
   296.10155077538769                            NaN
   296.70135067533766                            NaN
   297.30115057528764                            NaN
   297.90095047523761                            NaN
   298.50075037518758                            NaN
   299.10055027513755                            NaN
   299.70035017508752                            NaN
   300.30015007503749                            NaN
   300.89994997498746                            NaN
   301.49974987493744                            NaN
   302.09954977488741                            NaN
   302.69934967483738                            NaN
   303.29914957478741                            NaN
   303.89894947473738                            NaN
   304.49874937468735                            NaN
   305.09854927463732                            NaN
   305.69834917458729                            NaN
   306.29814907453726                            NaN
   306.89794897448724                            NaN
   307.49774887443721                            NaN
   308.09754877438718                            NaN
   308.69734867433715                            NaN
   309.29714857428712                            NaN
   309.89694847423709                            NaN
   310.49674837418706                            NaN
   311.09654827413704                            NaN
   311.69634817408701                            NaN
   312.29614807403698                            NaN
   312.89594797398695                            NaN
   313.49574787393698                            NaN
   314.09554777388695                            NaN
   314.69534767383692                            NaN
   315.29514757378689                            NaN
   315.89494747373686                            NaN
   316.49474737368683                            NaN
   317.09454727363681                            NaN
   317.69434717358678                            NaN
   318.29414707353675                            NaN
   318.89394697348672                            NaN
   319.49374687343669                            NaN
   320.09354677338666                            NaN
   320.69334667333663                            NaN
   321.29314657328661                            NaN
   321.89294647323658                            NaN
   322.49274637318661                            NaN
   323.09254627313658                            NaN
   323.69234617308655                            NaN
   324.29214607303652                            NaN
   324.89194597298649                            NaN
   325.49174587293646                            NaN
   326.09154577288643                            NaN
   326.69134567283641                            NaN
   327.29114557278638                            NaN
   327.89094547273635                            NaN
   328.49074537268632                            NaN
   329.09054527263629                            NaN
   329.69034517258626                            NaN
   330.29014507253623                            NaN
   330.88994497248621                            NaN
   331.48974487243618                            NaN
   332.08954477238615                            NaN
   332.68934467233618                            NaN
   333.28914457228615                            NaN
   333.88894447223612                            NaN
   334.48874437218609                            NaN
   335.08854427213606                            NaN
   335.68834417208603                            NaN
   336.28814407203600                            NaN
   336.88794397198598                            NaN
   337.48774387193595                            NaN
   338.08754377188592                            NaN
   338.68734367183589                            NaN
   339.28714357178586                            NaN
   339.88694347173583                            NaN
   340.48674337168580                            NaN
   341.08654327163578                            NaN
   341.68634317158580                            NaN
   342.28614307153578                            NaN
   342.88594297148575                            NaN
   343.48574287143572                            NaN
   344.08554277138569                            NaN
   344.68534267133566                            NaN
   345.28514257128563                            NaN
   345.88494247123560                            NaN
   346.48474237118558                            NaN
   347.08454227113555                            NaN
   347.68434217108552                            NaN
   348.28414207103549                            NaN
   348.88394197098546                            NaN
   349.48374187093543                            NaN
   350.08354177088540                            NaN
   350.68334167083538                            NaN
   351.28314157078535                            NaN
   351.88294147073537                            NaN
   352.48274137068535                            NaN
   353.08254127063532                            NaN
   353.68234117058529                            NaN
   354.28214107053526                            NaN
   354.88194097048523                            NaN
   355.48174087043520                            NaN
   356.08154077038517                            NaN
   356.68134067033515                            NaN
   357.28114057028512                            NaN
   357.88094047023509                            NaN
   358.48074037018506                            NaN
   359.08054027013503                            NaN
   359.68034017008500                            NaN
   360.28014007003497                            NaN
   360.87993996998500                            NaN
   361.47973986993497                            NaN
   362.07953976988495                            NaN
   362.67933966983492                            NaN
   363.27913956978489                            NaN
   363.87893946973486                            NaN
   364.47873936968483                            NaN
   365.07853926963480                            NaN
   365.67833916958477                            NaN
   366.27813906953475                            NaN
   366.87793896948472                            NaN
   367.47773886943469                            NaN
   368.07753876938466                            NaN
   368.67733866933463                            NaN
   369.27713856928460                            NaN
   369.87693846923457                            NaN
   370.47673836918455                            NaN
   371.07653826913457                            NaN
   371.67633816908454                            NaN
   372.27613806903452                            NaN
   372.87593796898449                            NaN
   373.47573786893446                            NaN
   374.07553776888443                            NaN
   374.67533766883440                            NaN
   375.27513756878437                            NaN
   375.87493746873434                            NaN
   376.47473736868432                            NaN
   377.07453726863429                            NaN
   377.67433716858426                            NaN
   378.27413706853423                            NaN
   378.87393696848420                            NaN
   379.47373686843417                            NaN
   380.07353676838420                            NaN
   380.67333666833417                            NaN
   381.27313656828414                            NaN
   381.87293646823412                            NaN
   382.47273636818409                            NaN
   383.07253626813406                            NaN
   383.67233616808403                            NaN
   384.27213606803400                            NaN
   384.87193596798397                            NaN
   385.47173586793394                            NaN
   386.07153576788392                            NaN
   386.67133566783389                            NaN
   387.27113556778386                            NaN
   387.87093546773383                            NaN
   388.47073536768380                            NaN
   389.07053526763377                            NaN
   389.67033516758374                            NaN
   390.27013506753377                            NaN
   390.86993496748374                            NaN
   391.46973486743371                            NaN
   392.06953476738369                            NaN
   392.66933466733366                            NaN
   393.26913456728363                            NaN
   393.86893446723360                            NaN
   394.46873436718357                            NaN
   395.06853426713354                            NaN
   395.66833416708351                            NaN
   396.26813406703349                            NaN
   396.86793396698346                            NaN
   397.46773386693343                            NaN
   398.06753376688340                            NaN
   398.66733366683337                            NaN
   399.26713356678340                            NaN
   399.86693346673337                            NaN
   400.46673336668334                            NaN
   401.06653326663331                            NaN
   401.66633316658329                            NaN
   402.26613306653326                            NaN
   402.86593296648323                            NaN
   403.46573286643320                            NaN
   404.06553276638317                            NaN
   404.66533266633314                            NaN
   405.26513256628311                            NaN
   405.86493246623309                            NaN
   406.46473236618306                            NaN
   407.06453226613303                            NaN
   407.66433216608300                            NaN
   408.26413206603297                            NaN
   408.86393196598294                            NaN
   409.46373186593297                            NaN
   410.06353176588294                            NaN
   410.66333166583291                            NaN
   411.26313156578288                            NaN
   411.86293146573286                            NaN
   412.46273136568283                            NaN
   413.06253126563280                            NaN
   413.66233116558277                            NaN
   414.26213106553274                            NaN
   414.86193096548271                            NaN
   415.46173086543268                            NaN
   416.06153076538266                            NaN
   416.66133066533263                            NaN
   417.26113056528260                            NaN
   417.86093046523257                            NaN
   418.46073036518260                            NaN
   419.06053026513257                            NaN
   419.66033016508254                            NaN
   420.26013006503251                            NaN
   420.85992996498248                            NaN
   421.45972986493246                            NaN
   422.05952976488243                            NaN
   422.65932966483240                            NaN
   423.25912956478237                            NaN
   423.85892946473234                            NaN
   424.45872936468231                            NaN
   425.05852926463228                            NaN
   425.65832916458226                            NaN
   426.25812906453223                            NaN
   426.85792896448220                            NaN
   427.45772886443217                            NaN
   428.05752876438214                            NaN
   428.65732866433217                            NaN
   429.25712856428214                            NaN
   429.85692846423211                            NaN
   430.45672836418208                            NaN
   431.05652826413206                            NaN
   431.65632816408203                            NaN
   432.25612806403200                            NaN
   432.85592796398197                            NaN
   433.45572786393194                            NaN
   434.05552776388191                            NaN
   434.65532766383188                            NaN
   435.25512756378185                            NaN
   435.85492746373183                            NaN
   436.45472736368180                            NaN
   437.05452726363177                            NaN
   437.65432716358180                            NaN
   438.25412706353177                            NaN
   438.85392696348174                            NaN
   439.45372686343171                            NaN
   440.05352676338168                            NaN
   440.65332666333165                            NaN
   441.25312656328163                            NaN
   441.85292646323160                            NaN
   442.45272636318157                            NaN
   443.05252626313154                            NaN
   443.65232616308151                            NaN
   444.25212606303148                            NaN
   444.85192596298145                            NaN
   445.45172586293143                            NaN
   446.05152576288140                            NaN
   446.65132566283137                            NaN
   447.25112556278134                            NaN
   447.85092546273137                            NaN
   448.45072536268134                            NaN
   449.05052526263131                            NaN
   449.65032516258128                            NaN
   450.25012506253125                            NaN
   450.84992496248123                            NaN
   451.44972486243120                            NaN
   452.04952476238117                            NaN
   452.64932466233114                            NaN
   453.24912456228111                            NaN
   453.84892446223108                            NaN
   454.44872436218105                            NaN
   455.04852426213102                            NaN
   455.64832416208100                            NaN
   456.24812406203097                            NaN
   456.84792396198100                            NaN
   457.44772386193097                            NaN
   458.04752376188094                            NaN
   458.64732366183091                            NaN
   459.24712356178088                            NaN
   459.84692346173085                            NaN
   460.44672336168082                            NaN
   461.04652326163080                            NaN
   461.64632316158077                            NaN
   462.24612306153074                            NaN
   462.84592296148071                            NaN
   463.44572286143068                            NaN
   464.04552276138065                            NaN
   464.64532266133062                            NaN
   465.24512256128060                            NaN
   465.84492246123057                            NaN
   466.44472236118054                            NaN
   467.04452226113057                            NaN
   467.64432216108054                            NaN
   468.24412206103051                            NaN
   468.84392196098048                            NaN
   469.44372186093045                            NaN
   470.04352176088042                            NaN
   470.64332166083040                            NaN
   471.24312156078037                            NaN
   471.84292146073034                            NaN
   472.44272136068031                            NaN
   473.04252126063028                            NaN
   473.64232116058025                            NaN
   474.24212106053022                            NaN
   474.84192096048019                            NaN
   475.44172086043017                            NaN
   476.04152076038019                            NaN
   476.64132066033017                            NaN
   477.24112056028014                            NaN
   477.84092046023011                            NaN
   478.44072036018008                            NaN
   479.04052026013005                            NaN
   479.64032016008002                            NaN
   480.24012006002999                            NaN
   480.83991995997997                            NaN
   481.43971985992994                            NaN
   482.03951975987991                            NaN
   482.63931965982988                            NaN
   483.23911955977985                            NaN
   483.83891945972982                            NaN
   484.43871935967979                            NaN
   485.03851925962977                            NaN
   485.63831915957974                            NaN
   486.23811905952977                            NaN
   486.83791895947974                            NaN
   487.43771885942971                            NaN
   488.03751875937968                            NaN
   488.63731865932965                            NaN
   489.23711855927962                            NaN
   489.83691845922959                            NaN
   490.43671835917957                            NaN
   491.03651825912954                            NaN
   491.63631815907951                            NaN
   492.23611805902948                            NaN
   492.83591795897945                            NaN
   493.43571785892942                            NaN
   494.03551775887939                            NaN
   494.63531765882936                            NaN
   495.23511755877939                            NaN
   495.83491745872936                            NaN
   496.43471735867934                            NaN
   497.03451725862931                            NaN
   497.63431715857928                            NaN
   498.23411705852925                            NaN
   498.83391695847922                            NaN
   499.43371685842919                            NaN
   500.03351675837916                            NaN
   500.63331665832914                            NaN
   501.23311655827911                            NaN
   501.83291645822908                            NaN
   502.43271635817905                            NaN
   503.03251625812902                            NaN
   503.63231615807899                            NaN
   504.23211605802896                            NaN
   504.83191595797894                            NaN
   505.43171585792896                            NaN
   506.03151575787894                            NaN
   506.63131565782891                            NaN
   507.23111555777888                            NaN
   507.83091545772885                            NaN
   508.43071535767882                            NaN
   509.03051525762879                            NaN
   509.63031515757876                            NaN
   510.23011505752874                            NaN
   510.82991495747871                            NaN
   511.42971485742868                            NaN
   512.02951475737859                            NaN
   512.62931465732868                            NaN
   513.22911455727865                            NaN
   513.82891445722862                            NaN
   514.42871435717859                            NaN
   515.02851425712856                            NaN
   515.62831415707853                            NaN
   516.22811405702851                            NaN
   516.82791395697848                            NaN
   517.42771385692845                            NaN
   518.02751375687842                            NaN
   518.62731365682839                            NaN
   519.22711355677836                            NaN
   519.82691345672833                            NaN
   520.42671335667831                            NaN
   521.02651325662828                            NaN
   521.62631315657825                            NaN
   522.22611305652822                            NaN
   522.82591295647819                            NaN
   523.42571285642816                            NaN
   524.02551275637813                            NaN
   524.62531265632811                            NaN
   525.22511255627808                            NaN
   525.82491245622805                            NaN
   526.42471235617802                            NaN
   527.02451225612799                            NaN
   527.62431215607796                            NaN
   528.22411205602793                            NaN
   528.82391195597802                            NaN
   529.42371185592799                            NaN
   530.02351175587796                            NaN
   530.62331165582793                            NaN
   531.22311155577790                            NaN
   531.82291145572788                            NaN
   532.42271135567785                            NaN
   533.02251125562782                            NaN
   533.62231115557779                            NaN
   534.22211105552776                            NaN
   534.82191095547773                            NaN
   535.42171085542770                            NaN
   536.02151075537768                            NaN
   536.62131065532765                            NaN
   537.22111055527762                            NaN
   537.82091045522759                            NaN
   538.42071035517756                            NaN
   539.02051025512753                            NaN
   539.62031015507750                            NaN
   540.22011005502748                            NaN
   540.81990995497745                            NaN
   541.41970985492742                            NaN
   542.01950975487739                            NaN
   542.61930965482736                            NaN
   543.21910955477733                            NaN
   543.81890945472730                            NaN
   544.41870935467728                            NaN
   545.01850925462725                            NaN
   545.61830915457722                            NaN
   546.21810905452719                            NaN
   546.81790895447716                            NaN
   547.41770885442713                            NaN
   548.01750875437710                            NaN
   548.61730865432719                            NaN
   549.21710855427716                            NaN
   549.81690845422713                            NaN
   550.41670835417710                            NaN
   551.01650825412707                            NaN
   551.61630815407705                            NaN
   552.21610805402702                            NaN
   552.81590795397699                            NaN
   553.41570785392696                            NaN
   554.01550775387693                            NaN
   554.61530765382690                            NaN
   555.21510755377687                            NaN
   555.81490745372685                            NaN
   556.41470735367682                            NaN
   557.01450725362679                            NaN
   557.61430715357676                            NaN
   558.21410705352673                            NaN
   558.81390695347670                            NaN
   559.41370685342667                            NaN
   560.01350675337665                            NaN
   560.61330665332662                            NaN
   561.21310655327659                            NaN
   561.81290645322656                            NaN
   562.41270635317653                            NaN
   563.01250625312650                            NaN
   563.61230615307647                            NaN
   564.21210605302645                            NaN
   564.81190595297642                            NaN
   565.41170585292639                            NaN
   566.01150575287636                            NaN
   566.61130565282633                            NaN
   567.21110555277642                            NaN
   567.81090545272639                            NaN
   568.41070535267636                            NaN
   569.01050525262633                            NaN
   569.61030515257630                            NaN
   570.21010505252627                            NaN
   570.80990495247624                            NaN
   571.40970485242622                            NaN
   572.00950475237619                            NaN
   572.60930465232616                            NaN
   573.20910455227613                            NaN
   573.80890445222610                            NaN
   574.40870435217607                            NaN
   575.00850425212604                            NaN
   575.60830415207602                            NaN
   576.20810405202599                            NaN
   576.80790395197596                            NaN
   577.40770385192593                            NaN
   578.00750375187590                            NaN
   578.60730365182587                            NaN
   579.20710355177584                            NaN
   579.80690345172582                            NaN
   580.40670335167579                            NaN
   581.00650325162576                            NaN
   581.60630315157573                            NaN
   582.20610305152570                            NaN
   582.80590295147567                            NaN
   583.40570285142564                            NaN
   584.00550275137562                            NaN
   584.60530265132559                            NaN
   585.20510255127556                            NaN
   585.80490245122553                            NaN
   586.40470235117550                            NaN
   587.00450225112559                            NaN
   587.60430215107556                            NaN
   588.20410205102553                            NaN
   588.80390195097550                            NaN
   589.40370185092547                            NaN
   590.00350175087544                            NaN
   590.60330165082541                            NaN
   591.20310155077539                            NaN
   591.80290145072536                            NaN
   592.40270135067533                            NaN
   593.00250125062530                            NaN
   593.60230115057527                            NaN
   594.20210105052524                            NaN
   594.80190095047521                            NaN
   595.40170085042519                            NaN
   596.00150075037516                            NaN
   596.60130065032513                            NaN
   597.20110055027510                            NaN
   597.80090045022507                            NaN
   598.40070035017504                            NaN
   599.00050025012501                            NaN
   599.60030015007499                            NaN
   600.20010005002496                            NaN
   600.79989994997493                            NaN
   601.39969984992490                            NaN
   601.99949974987487                            NaN
   602.59929964982484                            NaN
   603.19909954977481                            NaN
   603.79889944972479                            NaN
   604.39869934967476                            NaN
   604.99849924962473                            NaN
   605.59829914957481                            NaN
   606.19809904952479                            NaN
   606.79789894947476                            NaN
   607.39769884942473                            NaN
   607.99749874937470                            NaN
   608.59729864932467                            NaN
   609.19709854927464                            NaN
   609.79689844922461                            NaN
   610.39669834917459                            NaN
   610.99649824912456                            NaN
   611.59629814907453                            NaN
   612.19609804902450                            NaN
   612.79589794897447                            NaN
   613.39569784892444                            NaN
   613.99549774887441                            NaN
   614.59529764882438                            NaN
   615.19509754877436                            NaN
   615.79489744872433                            NaN
   616.39469734867430                            NaN
   616.99449724862427                            NaN
   617.59429714857424                            NaN
   618.19409704852421                            NaN
   618.79389694847418                            NaN
   619.39369684842416                            NaN
   619.99349674837413                            NaN
   620.59329664832410                            NaN
   621.19309654827407                            NaN
   621.79289644822404                            NaN
   622.39269634817401                            NaN
   622.99249624812398                            NaN
   623.59229614807396                            NaN
   624.19209604802393                            NaN
   624.79189594797390                            NaN
   625.39169584792398                            NaN
   625.99149574787396                            NaN
   626.59129564782393                            NaN
   627.19109554777390                            NaN
   627.79089544772387                            NaN
   628.39069534767384                            NaN
   628.99049524762381                            NaN
   629.59029514757378                            NaN
   630.19009504752376                            NaN
   630.78989494747373                            NaN
   631.38969484742370                            NaN
   631.98949474737367                            NaN
   632.58929464732364                            NaN
   633.18909454727361                            NaN
   633.78889444722358                            NaN
   634.38869434717355                            NaN
   634.98849424712353                            NaN
   635.58829414707350                            NaN
   636.18809404702347                            NaN
   636.78789394697344                            NaN
   637.38769384692341                            NaN
   637.98749374687338                            NaN
   638.58729364682335                            NaN
   639.18709354677333                            NaN
   639.78689344672330                            NaN
   640.38669334667327                            NaN
   640.98649324662324                            NaN
   641.58629314657321                            NaN
   642.18609304652318                            NaN
   642.78589294647315                            NaN
   643.38569284642313                            NaN
   643.98549274637321                            NaN
   644.58529264632318                            NaN
   645.18509254627315                            NaN
   645.78489244622313                            NaN
   646.38469234617310                            NaN
   646.98449224612307                            NaN
   647.58429214607304                            NaN
   648.18409204602301                            NaN
   648.78389194597298                            NaN
   649.38369184592295                            NaN
   649.98349174587293                            NaN
   650.58329164582290                            NaN
   651.18309154577287                            NaN
   651.78289144572284                            NaN
   652.38269134567281                            NaN
   652.98249124562278                            NaN
   653.58229114557275                            NaN
   654.18209104552272                            NaN
   654.78189094547270                            NaN
   655.38169084542267                            NaN
   655.98149074537264                            NaN
   656.58129064532261                            NaN
   657.18109054527258                            NaN
   657.78089044522255                            NaN
   658.38069034517252                            NaN
   658.98049024512250                            NaN
   659.58029014507247                            NaN
   660.18009004502244                            NaN
   660.77988994497241                            NaN
   661.37968984492238                            NaN
   661.97948974487235                            NaN
   662.57928964482232                            NaN
   663.17908954477230                            NaN
   663.77888944472238                            NaN
   664.37868934467235                            NaN
   664.97848924462232                            NaN
   665.57828914457230                            NaN
   666.17808904452227                            NaN
   666.77788894447224                            NaN
   667.37768884442221                            NaN
   667.97748874437218                            NaN
   668.57728864432215                            NaN
   669.17708854427212                            NaN
   669.77688844422210                            NaN
   670.37668834417207                            NaN
   670.97648824412204                            NaN
   671.57628814407201                            NaN
   672.17608804402198                            NaN
   672.77588794397195                            NaN
   673.37568784392192                            NaN
   673.97548774387189                            NaN
   674.57528764382187                            NaN
   675.17508754377184                            NaN
   675.77488744372181                            NaN
   676.37468734367178                            NaN
   676.97448724362175                            NaN
   677.57428714357172                            NaN
   678.17408704352169                            NaN
   678.77388694347167                            NaN
   679.37368684342164                            NaN
   679.97348674337161                            NaN
   680.57328664332158                            NaN
   681.17308654327155                            NaN
   681.77288644322152                            NaN
   682.37268634317161                            NaN
   682.97248624312158                            NaN
   683.57228614307155                            NaN
   684.17208604302152                            NaN
   684.77188594297149                            NaN
   685.37168584292147                            NaN
   685.97148574287144                            NaN
   686.57128564282141                            NaN
   687.17108554277138                            NaN
   687.77088544272135                            NaN
   688.37068534267132                            NaN
   688.97048524262129                            NaN
   689.57028514257127                            NaN
   690.17008504252124                            NaN
   690.76988494247121                            NaN
   691.36968484242118                            NaN
   691.96948474237115                            NaN
   692.56928464232112                            NaN
   693.16908454227109                            NaN
   693.76888444222107                            NaN
   694.36868434217104                            NaN
   694.96848424212101                            NaN
   695.56828414207098                            NaN
   696.16808404202095                            NaN
   696.76788394197092                            NaN
   697.36768384192089                            NaN
   697.96748374187086                            NaN
   698.56728364182084                            NaN
   699.16708354177081                            NaN
   699.76688344172078                            NaN
   700.36668334167075                            NaN
   700.96648324162072                            NaN
   701.56628314157069                            NaN
   702.16608304152078                            NaN
   702.76588294147075                            NaN
   703.36568284142072                            NaN
   703.96548274137069                            NaN
   704.56528264132066                            NaN
   705.16508254127064                            NaN
   705.76488244122061                            NaN
   706.36468234117058                            NaN
   706.96448224112055                            NaN
   707.56428214107052                            NaN
   708.16408204102049                            NaN
   708.76388194097046                            NaN
   709.36368184092044                            NaN
   709.96348174087041                            NaN
   710.56328164082038                            NaN
   711.16308154077035                            NaN
   711.76288144072032                            NaN
   712.36268134067029                            NaN
   712.96248124062026                            NaN
   713.56228114057024                            NaN
   714.16208104052021                            NaN
   714.76188094047018                            NaN
   715.36168084042015                            NaN
   715.96148074037012                            NaN
   716.56128064032009                            NaN
   717.16108054027006                            NaN
   717.76088044022003                            NaN
   718.36068034017001                            NaN
   718.96048024011998                            NaN
   719.56028014006995                            NaN
   720.16008004001992                            NaN
   720.75987993997001                            NaN
   721.35967983991998                            NaN
   721.95947973986995                            NaN
   722.55927963981992                            NaN
   723.15907953976989                            NaN
   723.75887943971986                            NaN
   724.35867933966983                            NaN
   724.95847923961981                            NaN
   725.55827913956978                            NaN
   726.15807903951975                            NaN
   726.75787893946972                            NaN
   727.35767883941969                            NaN
   727.95747873936966                            NaN
   728.55727863931963                            NaN
   729.15707853926961                            NaN
   729.75687843921958                            NaN
   730.35667833916955                            NaN
   730.95647823911952                            NaN
   731.55627813906949                            NaN
   732.15607803901946                            NaN
   732.75587793896943                            NaN
   733.35567783891941                            NaN
   733.95547773886938                            NaN
   734.55527763881935                            NaN
   735.15507753876932                            NaN
   735.75487743871929                            NaN
   736.35467733866926                            NaN
   736.95447723861923                            NaN
   737.55427713856920                            NaN
   738.15407703851918                            NaN
   738.75387693846915                            NaN
   739.35367683841912                            NaN
   739.95347673836909                            NaN
   740.55327663831918                            NaN
   741.15307653826915                            NaN
   741.75287643821912                            NaN
   742.35267633816909                            NaN
   742.95247623811906                            NaN
   743.55227613806903                            NaN
   744.15207603801900                            NaN
   744.75187593796898                            NaN
   745.35167583791895                            NaN
   745.95147573786892                            NaN
   746.55127563781889                            NaN
   747.15107553776886                            NaN
   747.75087543771883                            NaN
   748.35067533766880                            NaN
   748.95047523761878                            NaN
   749.55027513756875                            NaN
   750.15007503751872                            NaN
   750.74987493746869                            NaN
   751.34967483741866                            NaN
   751.94947473736863                            NaN
   752.54927463731860                            NaN
   753.14907453726858                            NaN
   753.74887443721855                            NaN
   754.34867433716852                            NaN
   754.94847423711849                            NaN
   755.54827413706846                            NaN
   756.14807403701843                            NaN
   756.74787393696840                            NaN
   757.34767383691837                            NaN
   757.94747373686835                            NaN
   758.54727363681832                            NaN
   759.14707353676840                            NaN
   759.74687343671837                            NaN
   760.34667333666835                            NaN
   760.94647323661832                            NaN
   761.54627313656829                            NaN
   762.14607303651826                            NaN
   762.74587293646823                            NaN
   763.34567283641820                            NaN
   763.94547273636817                            NaN
   764.54527263631815                            NaN
   765.14507253626812                            NaN
   765.74487243621809                            NaN
   766.34467233616806                            NaN
   766.94447223611803                            NaN
   767.54427213606800                            NaN
   768.14407203601797                            NaN
   768.74387193596795                            NaN
   769.34367183591792                            NaN
   769.94347173586789                            NaN
   770.54327163581786                            NaN
   771.14307153576783                            NaN
   771.74287143571780                            NaN
   772.34267133566777                            NaN
   772.94247123561775                            NaN
   773.54227113556772                            NaN
   774.14207103551769                            NaN
   774.74187093546766                            NaN
   775.34167083541763                            NaN
   775.94147073536760                            NaN
   776.54127063531757                            NaN
   777.14107053526754                            NaN
   777.74087043521752                            NaN
   778.34067033516749                            NaN
   778.94047023511757                            NaN
   779.54027013506754                            NaN
   780.14007003501752                            NaN
   780.73986993496749                            NaN
   781.33966983491746                            NaN
   781.93946973486743                            NaN
   782.53926963481740                            NaN
   783.13906953476737                            NaN
   783.73886943471734                            NaN
   784.33866933466732                            NaN
   784.93846923461729                            NaN
   785.53826913456726                            NaN
   786.13806903451723                            NaN
   786.73786893446720                            NaN
   787.33766883441717                            NaN
   787.93746873436714                            NaN
   788.53726863431712                            NaN
   789.13706853426709                            NaN
   789.73686843421706                            NaN
   790.33666833416703                            NaN
   790.93646823411700                            NaN
   791.53626813406697                            NaN
   792.13606803401694                            NaN
   792.73586793396692                            NaN
   793.33566783391689                            NaN
   793.93546773386686                            NaN
   794.53526763381683                            NaN
   795.13506753376680                            NaN
   795.73486743371677                            NaN
   796.33466733366674                            NaN
   796.93446723361672                            NaN
   797.53426713356680                            NaN
   798.13406703351677                            NaN
   798.73386693346674                            NaN
   799.33366683341671                            NaN
   799.93346673336669                            NaN
   800.53326663331666                            NaN
   801.13306653326663                            NaN
   801.73286643321660                            NaN
   802.33266633316657                            NaN
   802.93246623311654                            NaN
   803.53226613306651                            NaN
   804.13206603301649                            NaN
   804.73186593296646                            NaN
   805.33166583291643                            NaN
   805.93146573286640                            NaN
   806.53126563281637                            NaN
   807.13106553276634                            NaN
   807.73086543271631                            NaN
   808.33066533266629                            NaN
   808.93046523261626                            NaN
   809.53026513256623                            NaN
   810.13006503251620                            NaN
   810.72986493246617                            NaN
   811.32966483241614                            NaN
   811.92946473236611                            NaN
   812.52926463231609                            NaN
   813.12906453226606                            NaN
   813.72886443221603                            NaN
   814.32866433216600                            NaN
   814.92846423211597                            NaN
   815.52826413206594                            NaN
   816.12806403201591                            NaN
   816.72786393196589                            NaN
   817.32766383191597                            NaN
   817.92746373186594                            NaN
   818.52726363181591                            NaN
   819.12706353176588                            NaN
   819.72686343171586                            NaN
   820.32666333166583                            NaN
   820.92646323161580                            NaN
   821.52626313156577                            NaN
   822.12606303151574                            NaN
   822.72586293146571                            NaN
   823.32566283141568                            NaN
   823.92546273136566                            NaN
   824.52526263131563                            NaN
   825.12506253126560                            NaN
   825.72486243121557                            NaN
   826.32466233116554                            NaN
   826.92446223111551                            NaN
   827.52426213106548                            NaN
   828.12406203101546                            NaN
   828.72386193096543                            NaN
   829.32366183091540                            NaN
   829.92346173086537                            NaN
   830.52326163081534                            NaN
   831.12306153076531                            NaN
   831.72286143071528                            NaN
   832.32266133066526                            NaN
   832.92246123061523                            NaN
   833.52226113056520                            NaN
   834.12206103051517                            NaN
   834.72186093046514                            NaN
   835.32166083041511                            NaN
   835.92146073036520                            NaN
   836.52126063031517                            NaN
   837.12106053026514                            NaN
   837.72086043021511                            NaN
   838.32066033016508                            NaN
   838.92046023011505                            NaN
   839.52026013006503                            NaN
   840.12006003001500                            NaN
   840.71985992996497                            NaN
   841.31965982991494                            NaN
   841.91945972986491                            NaN
   842.51925962981488                            NaN
   843.11905952976485                            NaN
   843.71885942971483                            NaN
   844.31865932966480                            NaN
   844.91845922961477                            NaN
   845.51825912956474                            NaN
   846.11805902951471                            NaN
   846.71785892946468                            NaN
   847.31765882941465                            NaN
   847.91745872936463                            NaN
   848.51725862931460                            NaN
   849.11705852926457                            NaN
   849.71685842921454                            NaN
   850.31665832916451                            NaN
   850.91645822911448                            NaN
   851.51625812906445                            NaN
   852.11605802901443                            NaN
   852.71585792896440                            NaN
   853.31565782891437                            NaN
   853.91545772886434                            NaN
   854.51525762881431                            NaN
   855.11505752876428                            NaN
   855.71485742871437                            NaN
   856.31465732866434                            NaN
   856.91445722861431                            NaN
   857.51425712856428                            NaN
   858.11405702851425                            NaN
   858.71385692846422                            NaN
   859.31365682841420                            NaN
   859.91345672836417                            NaN
   860.51325662831414                            NaN
   861.11305652826411                            NaN
   861.71285642821408                            NaN
   862.31265632816405                            NaN
   862.91245622811402                            NaN
   863.51225612806400                            NaN
   864.11205602801397                            NaN
   864.71185592796394                            NaN
   865.31165582791391                            NaN
   865.91145572786388                            NaN
   866.51125562781385                            NaN
   867.11105552776382                            NaN
   867.71085542771380                            NaN
   868.31065532766377                            NaN
   868.91045522761374                            NaN
   869.51025512756371                            NaN
   870.11005502751368                            NaN
   870.70985492746365                            NaN
   871.30965482741362                            NaN
   871.90945472736360                            NaN
   872.50925462731357                            NaN
   873.10905452726354                            NaN
   873.70885442721351                            NaN
   874.30865432716359                            NaN
   874.90845422711357                            NaN
   875.50825412706354                            NaN
   876.10805402701351                            NaN
   876.70785392696348                            NaN
   877.30765382691345                            NaN
   877.90745372686342                            NaN
   878.50725362681339                            NaN
   879.10705352676337                            NaN
   879.70685342671334                            NaN
   880.30665332666331                            NaN
   880.90645322661328                            NaN
   881.50625312656325                            NaN
   882.10605302651322                            NaN
   882.70585292646319                            NaN
   883.30565282641317                            NaN
   883.90545272636314                            NaN
   884.50525262631311                            NaN
   885.10505252626308                            NaN
   885.70485242621305                            NaN
   886.30465232616302                            NaN
   886.90445222611299                            NaN
   887.50425212606297                            NaN
   888.10405202601294                            NaN
   888.70385192596291                            NaN
   889.30365182591288                            NaN
   889.90345172586285                            NaN
   890.50325162581282                            NaN
   891.10305152576279                            NaN
   891.70285142571277                            NaN
   892.30265132566274                            NaN
   892.90245122561271                            NaN
   893.50225112556268                            NaN
   894.10205102551276                            NaN
   894.70185092546274                            NaN
   895.30165082541271                            NaN
   895.90145072536268                            NaN
   896.50125062531265                            NaN
   897.10105052526262                            NaN
   897.70085042521259                            NaN
   898.30065032516256                            NaN
   898.90045022511254                            NaN
   899.50025012506251                            NaN
   900.10005002501248                            NaN
   900.69984992496245                            NaN
   901.29964982491242                            NaN
   901.89944972486239                            NaN
   902.49924962481236                            NaN
   903.09904952476234                            NaN
   903.69884942471231                            NaN
   904.29864932466228                            NaN
   904.89844922461225                            NaN
   905.49824912456222                            NaN
   906.09804902451219                            NaN
   906.69784892446216                            NaN
   907.29764882441214                            NaN
   907.89744872436211                            NaN
   908.49724862431208                            NaN
   909.09704852426205                            NaN
   909.69684842421202                            NaN
   910.29664832416199                            NaN
   910.89644822411196                            NaN
   911.49624812406194                            NaN
   912.09604802401191                            NaN
   912.69584792396199                            NaN
   913.29564782391196                            NaN
   913.89544772386193                            NaN
   914.49524762381191                            NaN
   915.09504752376188                            NaN
   915.69484742371185                            NaN
   916.29464732366182                            NaN
   916.89444722361179                            NaN
   917.49424712356176                            NaN
   918.09404702351173                            NaN
   918.69384692346171                            NaN
   919.29364682341168                            NaN
   919.89344672336165                            NaN
   920.49324662331162                            NaN
   921.09304652326159                            NaN
   921.69284642321156                            NaN
   922.29264632316153                            NaN
   922.89244622311151                            NaN
   923.49224612306148                            NaN
   924.09204602301145                            NaN
   924.69184592296142                            NaN
   925.29164582291139                            NaN
   925.89144572286136                            NaN
   926.49124562281133                            NaN
   927.09104552276131                            NaN
   927.69084542271128                            NaN
   928.29064532266125                            NaN
   928.89044522261122                            NaN
   929.49024512256119                            NaN
   930.09004502251116                            NaN
   930.68984492246113                            NaN
   931.28964482241111                            NaN
   931.88944472236108                            NaN
   932.48924462231116                            NaN
   933.08904452226113                            NaN
   933.68884442221110                            NaN
   934.28864432216108                            NaN
   934.88844422211105                            NaN
   935.48824412206102                            NaN
   936.08804402201099                            NaN
   936.68784392196096                            NaN
   937.28764382191093                            NaN
   937.88744372186090                            NaN
   938.48724362181088                            NaN
   939.08704352176085                            NaN
   939.68684342171082                            NaN
   940.28664332166079                            NaN
   940.88644322161076                            NaN
   941.48624312156073                            NaN
   942.08604302151070                            NaN
   942.68584292146068                            NaN
   943.28564282141065                            NaN
   943.88544272136062                            NaN
   944.48524262131059                            NaN
   945.08504252126056                            NaN
   945.68484242121053                            NaN
   946.28464232116050                            NaN
   946.88444222111048                            NaN
   947.48424212106045                            NaN
   948.08404202101042                            NaN
   948.68384192096039                            NaN
   949.28364182091036                            NaN
   949.88344172086033                            NaN
   950.48324162081030                            NaN
   951.08304152076039                            NaN
   951.68284142071036                            NaN
   952.28264132066033                            NaN
   952.88244122061030                            NaN
   953.48224112056027                            NaN
   954.08204102051025                            NaN
   954.68184092046022                            NaN
   955.28164082041019                            NaN
   955.88144072036016                            NaN
   956.48124062031013                            NaN
   957.08104052026010                            NaN
   957.68084042021007                            NaN
   958.28064032016005                            NaN
   958.88044022011002                            NaN
   959.48024012005999                            NaN
   960.08004002000996                            NaN
   960.67983991995993                            NaN
   961.27963981990990                            NaN
   961.87943971985987                            NaN
   962.47923961980985                            NaN
   963.07903951975982                            NaN
   963.67883941970979                            NaN
   964.27863931965976                            NaN
   964.87843921960973                            NaN
   965.47823911955970                            NaN
   966.07803901950967                            NaN
   966.67783891945965                            NaN
   967.27763881940962                            NaN
   967.87743871935959                            NaN
   968.47723861930956                            NaN
   969.07703851925953                            NaN
   969.67683841920950                            NaN
   970.27663831915947                            NaN
   970.87643821910956                            NaN
   971.47623811905953                            NaN
   972.07603801900950                            NaN
   972.67583791895947                            NaN
   973.27563781890944                            NaN
   973.87543771885942                            NaN
   974.47523761880939                            NaN
   975.07503751875936                            NaN
   975.67483741870933                            NaN
   976.27463731865930                            NaN
   976.87443721860927                            NaN
   977.47423711855924                            NaN
   978.07403701850922                            NaN
   978.67383691845919                            NaN
   979.27363681840916                            NaN
   979.87343671835913                            NaN
   980.47323661830910                            NaN
   981.07303651825907                            NaN
   981.67283641820904                            NaN
   982.27263631815902                            NaN
   982.87243621810899                            NaN
   983.47223611805896                            NaN
   984.07203601800893                            NaN
   984.67183591795890                            NaN
   985.27163581790887                            NaN
   985.87143571785884                            NaN
   986.47123561780882                            NaN
   987.07103551775879                            NaN
   987.67083541770876                            NaN
   988.27063531765873                            NaN
   988.87043521760870                            NaN
   989.47023511755879                            NaN
   990.07003501750876                            NaN
   990.66983491745873                            NaN
   991.26963481740870                            NaN
   991.86943471735867                            NaN
   992.46923461730864                            NaN
   993.06903451725861                            NaN
   993.66883441720859                            NaN
   994.26863431715856                            NaN
   994.86843421710853                            NaN
   995.46823411705850                            NaN
   996.06803401700847                            NaN
   996.66783391695844                            NaN
   997.26763381690841                            NaN
   997.86743371685839                            NaN
   998.46723361680836                            NaN
   999.06703351675833                            NaN
   999.66683341670830                            NaN
   1000.2666333166583                            NaN
   1000.8664332166082                            NaN
   1001.4662331165582                            NaN
   1002.0660330165082                            NaN
   1002.6658329164582                            NaN
   1003.2656328164081                            NaN
   1003.8654327163581                            NaN
   1004.4652326163081                            NaN
   1005.0650325162580                            NaN
   1005.6648324162080                            NaN
   1006.2646323161580                            NaN
   1006.8644322161080                            NaN
   1007.4642321160579                            NaN
   1008.0640320160079                            NaN
   1008.6638319159579                            NaN
   1009.2636318159080                            NaN
   1009.8634317158579                            NaN
   1010.4632316158079                            NaN
   1011.0630315157579                            NaN
   1011.6628314157078                            NaN
   1012.2626313156578                            NaN
   1012.8624312156078                            NaN
   1013.4622311155578                            NaN
   1014.0620310155077                            NaN
   1014.6618309154577                            NaN
   1015.2616308154077                            NaN
   1015.8614307153576                            NaN
   1016.4612306153076                            NaN
   1017.0610305152576                            NaN
   1017.6608304152076                            NaN
   1018.2606303151575                            NaN
   1018.8604302151075                            NaN
   1019.4602301150575                            NaN
   1020.0600300150074                            NaN
   1020.6598299149574                            NaN
   1021.2596298149074                            NaN
   1021.8594297148574                            NaN
   1022.4592296148073                            NaN
   1023.0590295147573                            NaN
   1023.6588294147073                            NaN
   1024.2586293146574                            NaN
   1024.8584292146072                            NaN
   1025.4582291145573                            NaN
   1026.0580290145072                            NaN
   1026.6578289144572                            NaN
   1027.2576288144071                            NaN
   1027.8574287143572                            NaN
   1028.4572286143070                            NaN
   1029.0570285142571                            NaN
   1029.6568284142070                            NaN
   1030.2566283141571                            NaN
   1030.8564282141069                            NaN
   1031.4562281140570                            NaN
   1032.0560280140069                            NaN
   1032.6558279139570                            NaN
   1033.2556278139068                            NaN
   1033.8554277138569                            NaN
   1034.4552276138068                            NaN
   1035.0550275137568                            NaN
   1035.6548274137067                            NaN
   1036.2546273136568                            NaN
   1036.8544272136066                            NaN
   1037.4542271135567                            NaN
   1038.0540270135068                            NaN
   1038.6538269134567                            NaN
   1039.2536268134068                            NaN
   1039.8534267133566                            NaN
   1040.4532266133067                            NaN
   1041.0530265132566                            NaN
   1041.6528264132066                            NaN
   1042.2526263131565                            NaN
   1042.8524262131066                            NaN
   1043.4522261130564                            NaN
   1044.0520260130065                            NaN
   1044.6518259129564                            NaN
   1045.2516258129065                            NaN
   1045.8514257128563                            NaN
   1046.4512256128064                            NaN
   1047.0510255127563                            NaN
   1047.6508254127064                            NaN
   1048.2506253126562                            NaN
   1048.8504252126063                            NaN
   1049.4502251125562                            NaN
   1050.0500250125062                            NaN
   1050.6498249124561                            NaN
   1051.2496248124062                            NaN
   1051.8494247123560                            NaN
   1052.4492246123061                            NaN
   1053.0490245122560                            NaN
   1053.6488244122061                            NaN
   1054.2486243121559                            NaN
   1054.8484242121060                            NaN
   1055.4482241120559                            NaN
   1056.0480240120060                            NaN
   1056.6478239119560                            NaN
   1057.2476238119059                            NaN
   1057.8474237118560                            NaN
   1058.4472236118058                            NaN
   1059.0470235117559                            NaN
   1059.6468234117058                            NaN
   1060.2466233116559                            NaN
   1060.8464232116057                            NaN
   1061.4462231115558                            NaN
   1062.0460230115057                            NaN
   1062.6458229114558                            NaN
   1063.2456228114056                            NaN
   1063.8454227113557                            NaN
   1064.4452226113056                            NaN
   1065.0450225112556                            NaN
   1065.6448224112055                            NaN
   1066.2446223111556                            NaN
   1066.8444222111054                            NaN
   1067.4442221110555                            NaN
   1068.0440220110054                            NaN
   1068.6438219109555                            NaN
   1069.2436218109053                            NaN
   1069.8434217108554                            NaN
   1070.4432216108053                            NaN
   1071.0430215107554                            NaN
   1071.6428214107052                            NaN
   1072.2426213106553                            NaN
   1072.8424212106052                            NaN
   1073.4422211105552                            NaN
   1074.0420210105051                            NaN
   1074.6418209104552                            NaN
   1075.2416208104050                            NaN
   1075.8414207103551                            NaN
   1076.4412206103052                            NaN
   1077.0410205102551                            NaN
   1077.6408204102052                            NaN
   1078.2406203101550                            NaN
   1078.8404202101051                            NaN
   1079.4402201100550                            NaN
   1080.0400200100050                            NaN
   1080.6398199099549                            NaN
   1081.2396198099050                            NaN
   1081.8394197098548                            NaN
   1082.4392196098049                            NaN
   1083.0390195097548                            NaN
   1083.6388194097049                            NaN
   1084.2386193096547                            NaN
   1084.8384192096048                            NaN
   1085.4382191095547                            NaN
   1086.0380190095048                            NaN
   1086.6378189094546                            NaN
   1087.2376188094047                            NaN
   1087.8374187093546                            NaN
   1088.4372186093046                            NaN
   1089.0370185092545                            NaN
   1089.6368184092046                            NaN
   1090.2366183091544                            NaN
   1090.8364182091045                            NaN
   1091.4362181090544                            NaN
   1092.0360180090045                            NaN
   1092.6358179089543                            NaN
   1093.2356178089044                            NaN
   1093.8354177088543                            NaN
   1094.4352176088044                            NaN
   1095.0350175087542                            NaN
   1095.6348174087043                            NaN
   1096.2346173086544                            NaN
   1096.8344172086042                            NaN
   1097.4342171085543                            NaN
   1098.0340170085042                            NaN
   1098.6338169084543                            NaN
   1099.2336168084041                            NaN
   1099.8334167083542                            NaN
   1100.4332166083041                            NaN
   1101.0330165082541                            NaN
   1101.6328164082040                            NaN
   1102.2326163081541                            NaN
   1102.8324162081040                            NaN
   1103.4322161080540                            NaN
   1104.0320160080039                            NaN
   1104.6318159079540                            NaN
   1105.2316158079038                            NaN
   1105.8314157078539                            NaN
   1106.4312156078038                            NaN
   1107.0310155077539                            NaN
   1107.6308154077037                            NaN
   1108.2306153076538                            NaN
   1108.8304152076037                            NaN
   1109.4302151075537                            NaN
   1110.0300150075036                            NaN
   1110.6298149074537                            NaN
   1111.2296148074036                            NaN
   1111.8294147073536                            NaN
   1112.4292146073035                            NaN
   1113.0290145072536                            NaN
   1113.6288144072034                            NaN
   1114.2286143071535                            NaN
   1114.8284142071036                            NaN
   1115.4282141070535                            NaN
   1116.0280140070035                            NaN
   1116.6278139069534                            NaN
   1117.2276138069035                            NaN
   1117.8274137068533                            NaN
   1118.4272136068034                            NaN
   1119.0270135067533                            NaN
   1119.6268134067034                            NaN
   1120.2266133066532                            NaN
   1120.8264132066033                            NaN
   1121.4262131065532                            NaN
   1122.0260130065033                            NaN
   1122.6258129064531                            NaN
   1123.2256128064032                            NaN
