    0.1000000000D-05    0.7051010225D-11
    0.1000000000D-05    0.7051019644D-11
    0.1000000000D-05    0.7051029044D-11
    0.1000000000D-05    0.7051038426D-11
    0.1000000000D-05    0.7051047789D-11
    0.1000000000D-05    0.7051057134D-11
    0.1000000000D-05    0.7051066459D-11
    0.1000000000D-05    0.7051075767D-11
    0.1000000000D-05    0.7051085055D-11
    0.1000000000D-05    0.7051094325D-11
    0.1000000000D-05    0.7051103576D-11
    0.1000000000D-05    0.7051112809D-11
    0.1000000000D-05    0.7051122023D-11
    0.1000000000D-05    0.7051131219D-11
    0.1000000000D-05    0.7051140397D-11
    0.1000000000D-05    0.7051149556D-11
    0.1000000000D-05    0.7051158696D-11
    0.1000000000D-05    0.7051167818D-11
    0.1000000000D-05    0.7051176922D-11
    0.1000000000D-05    0.7051186007D-11
    0.1000000000D-05    0.7051195074D-11
    0.1000000000D-05    0.7051204123D-11
    0.1000000000D-05    0.7051213154D-11
    0.1000000000D-05    0.7051222166D-11
    0.1000000000D-05    0.7051231160D-11
    0.1000000000D-05    0.7051240136D-11
    0.1000000000D-05    0.7051249094D-11
    0.1000000000D-05    0.7051258034D-11
    0.1000000000D-05    0.7051266956D-11
    0.1000000000D-05    0.7051275859D-11
    0.1000000000D-05    0.7051284745D-11
    0.1000000000D-05    0.7051293613D-11
    0.1000000000D-05    0.7051302462D-11
    0.1000000000D-05    0.7051311294D-11
    0.1000000000D-05    0.7051320108D-11
    0.1000000000D-05    0.7051328904D-11
    0.1000000000D-05    0.7051337682D-11
    0.1000000000D-05    0.7051346443D-11
    0.1000000000D-05    0.7051355186D-11
    0.1000000000D-05    0.7051363911D-11
    0.1000000000D-05    0.7051372618D-11
    0.1000000000D-05    0.7051381308D-11
    0.1000000000D-05    0.7051389980D-11
    0.1000000000D-05    0.7051398634D-11
    0.1000000000D-05    0.7051407271D-11
    0.1000000000D-05    0.7051415891D-11
    0.1000000000D-05    0.7051424493D-11
    0.1000000000D-05    0.7051433078D-11
    0.1000000000D-05    0.7051441645D-11
    0.1000000000D-05    0.7051450195D-11
    0.1000000000D-05    0.7051458728D-11
    0.1000000000D-05    0.7051467243D-11
    0.1000000000D-05    0.7051475741D-11
    0.1000000000D-05    0.7051484222D-11
    0.1000000000D-05    0.7051492686D-11
    0.1000000000D-05    0.7051501133D-11
    0.1000000000D-05    0.7051509563D-11
    0.1000000000D-05    0.7051517975D-11
    0.1000000000D-05    0.7051526371D-11
    0.1000000000D-05    0.7051534750D-11
    0.1000000000D-05    0.7051543112D-11
    0.1000000000D-05    0.7051551457D-11
    0.1000000000D-05    0.7051559786D-11
    0.1000000000D-05    0.7051568097D-11
    0.1000000000D-05    0.7051576392D-11
    0.1000000000D-05    0.7051584670D-11
    0.1000000000D-05    0.7051592932D-11
    0.1000000000D-05    0.7051601177D-11
    0.1000000000D-05    0.7051609406D-11
    0.1000000000D-05    0.7051617617D-11
    0.1000000000D-05    0.7051625814D-11
    0.1000000000D-05    0.7051633993D-11
    0.1000000000D-05    0.7051642156D-11
    0.1000000000D-05    0.7051650303D-11
    0.1000000000D-05    0.7051658433D-11
    0.1000000000D-05    0.7051666548D-11
    0.1000000000D-05    0.7051674646D-11
    0.1000000000D-05    0.7051682728D-11
    0.1000000000D-05    0.7051690795D-11
    0.1000000000D-05    0.7051698845D-11
    0.1000000000D-05    0.7051706879D-11
    0.1000000000D-05    0.7051714898D-11
    0.1000000000D-05    0.7051722901D-11
    0.1000000000D-05    0.7051730888D-11
    0.1000000000D-05    0.7051738859D-11
    0.1000000000D-05    0.7051746815D-11
    0.1000000000D-05    0.7051754755D-11
    0.1000000000D-05    0.7051762680D-11
    0.1000000000D-05    0.7051770589D-11
    0.1000000000D-05    0.7051778483D-11
    0.1000000000D-05    0.7051786362D-11
    0.1000000000D-05    0.7051794225D-11
    0.1000000000D-05    0.7051802073D-11
    0.1000000000D-05    0.7051809906D-11
    0.1000000000D-05    0.7051817724D-11
    0.1000000000D-05    0.7051825527D-11
    0.1000000000D-05    0.7051833315D-11
    0.1000000000D-05    0.7051841088D-11
    0.1000000000D-05    0.7051848846D-11
    0.1000000000D-05    0.7051856590D-11
    0.1000000000D-05    0.7051864318D-11
    0.1000000000D-05    0.7051872032D-11
    0.1000000000D-05    0.7051879732D-11
    0.1000000000D-05    0.7051887417D-11
    0.1000000000D-05    0.7051895088D-11
    0.1000000000D-05    0.7051902744D-11
    0.1000000000D-05    0.7051910386D-11
    0.1000000000D-05    0.7051918014D-11
    0.1000000000D-05    0.7051925627D-11
    0.1000000000D-05    0.7051933227D-11
    0.1000000000D-05    0.7051940812D-11
    0.1000000000D-05    0.7051948384D-11
    0.1000000000D-05    0.7051955942D-11
    0.1000000000D-05    0.7051963486D-11
    0.1000000000D-05    0.7051971016D-11
    0.1000000000D-05    0.7051978533D-11
    0.1000000000D-05    0.7051986036D-11
    0.1000000000D-05    0.7051993525D-11
    0.1000000000D-05    0.7052001001D-11
    0.1000000000D-05    0.7052008464D-11
    0.1000000000D-05    0.7052015914D-11
    0.1000000000D-05    0.7052023350D-11
    0.1000000000D-05    0.7052030774D-11
    0.1000000000D-05    0.7052038184D-11
    0.1000000000D-05    0.7052045581D-11
    0.1000000000D-05    0.7052052966D-11
    0.1000000000D-05    0.7052060338D-11
    0.1000000000D-05    0.7052067697D-11
    0.1000000000D-05    0.7052075044D-11
    0.1000000000D-05    0.7052082378D-11
    0.1000000000D-05    0.7052089700D-11
    0.1000000000D-05    0.7052097009D-11
    0.1000000000D-05    0.7052104306D-11
    0.1000000000D-05    0.7052111591D-11
    0.1000000000D-05    0.7052118864D-11
    0.1000000000D-05    0.7052126125D-11
    0.1000000000D-05    0.7052133374D-11
    0.1000000000D-05    0.7052140612D-11
    0.1000000000D-05    0.7052147838D-11
    0.1000000000D-05    0.7052155052D-11
    0.1000000000D-05    0.7052162254D-11
    0.1000000000D-05    0.7052169446D-11
    0.1000000000D-05    0.7052176626D-11
    0.1000000000D-05    0.7052183795D-11
    0.1000000000D-05    0.7052190952D-11
    0.1000000000D-05    0.7052198099D-11
    0.1000000000D-05    0.7052205235D-11
    0.1000000000D-05    0.7052212360D-11
    0.1000000000D-05    0.7052219475D-11
    0.1000000000D-05    0.7052226579D-11
    0.1000000000D-05    0.7052233672D-11
    0.1000000000D-05    0.7052240755D-11
    0.1000000000D-05    0.7052247828D-11
    0.1000000000D-05    0.7052254891D-11
    0.1000000000D-05    0.7052261944D-11
    0.1000000000D-05    0.7052268986D-11
    0.1000000000D-05    0.7052276020D-11
    0.1000000000D-05    0.7052283043D-11
    0.1000000000D-05    0.7052290057D-11
    0.1000000000D-05    0.7052297061D-11
    0.1000000000D-05    0.7052304057D-11
    0.1000000000D-05    0.7052311043D-11
    0.1000000000D-05    0.7052318019D-11
    0.1000000000D-05    0.7052324987D-11
    0.1000000000D-05    0.7052331947D-11
    0.1000000000D-05    0.7052338897D-11
    0.1000000000D-05    0.7052345839D-11
    0.1000000000D-05    0.7052352773D-11
    0.1000000000D-05    0.7052359698D-11
    0.1000000000D-05    0.7052366615D-11
    0.1000000000D-05    0.7052373524D-11
    0.1000000000D-05    0.7052380425D-11
    0.1000000000D-05    0.7052387318D-11
    0.1000000000D-05    0.7052394204D-11
    0.1000000000D-05    0.7052401083D-11
    0.1000000000D-05    0.7052407954D-11
    0.1000000000D-05    0.7052414818D-11
    0.1000000000D-05    0.7052421674D-11
    0.1000000000D-05    0.7052428524D-11
    0.1000000000D-05    0.7052435368D-11
    0.1000000000D-05    0.7052442204D-11
    0.1000000000D-05    0.7052449035D-11
    0.1000000000D-05    0.7052455859D-11
    0.1000000000D-05    0.7052462676D-11
    0.1000000000D-05    0.7052469488D-11
    0.1000000000D-05    0.7052476295D-11
    0.1000000000D-05    0.7052483095D-11
    0.1000000000D-05    0.7052489891D-11
    0.1000000000D-05    0.7052496680D-11
    0.1000000000D-05    0.7052503465D-11
    0.1000000000D-05    0.7052510245D-11
    0.1000000000D-05    0.7052517020D-11
    0.1000000000D-05    0.7052523791D-11
    0.1000000000D-05    0.7052530557D-11
    0.1000000000D-05    0.7052537320D-11
    0.1000000000D-05    0.7052544078D-11
    0.1000000000D-05    0.7052550832D-11
    0.1000000000D-05    0.7052557583D-11
    0.1000000000D-05    0.7052564330D-11
    0.1000000000D-05    0.7052571074D-11
    0.1000000000D-05    0.7052577816D-11
    0.1000000000D-05    0.7052584554D-11
    0.1000000000D-05    0.7052591290D-11
    0.1000000000D-05    0.7052598024D-11
    0.1000000000D-05    0.7052604755D-11
    0.1000000000D-05    0.7052611485D-11
    0.1000000000D-05    0.7052618212D-11
    0.1000000000D-05    0.7052624939D-11
    0.1000000000D-05    0.7052631664D-11
    0.1000000000D-05    0.7052638388D-11
    0.1000000000D-05    0.7052645112D-11
    0.1000000000D-05    0.7052651835D-11
    0.1000000000D-05    0.7052658558D-11
    0.1000000000D-05    0.7052665281D-11
    0.1000000000D-05    0.7052672004D-11
    0.1000000000D-05    0.7052678728D-11
    0.1000000000D-05    0.7052685453D-11
    0.1000000000D-05    0.7052692179D-11
    0.1000000000D-05    0.7052698907D-11
    0.1000000000D-05    0.7052705636D-11
    0.1000000000D-05    0.7052712367D-11
    0.1000000000D-05    0.7052719100D-11
    0.1000000000D-05    0.7052725837D-11
    0.1000000000D-05    0.7052732576D-11
    0.1000000000D-05    0.7052739318D-11
    0.1000000000D-05    0.7052746065D-11
    0.1000000000D-05    0.7052752815D-11
    0.1000000000D-05    0.7052759569D-11
    0.1000000000D-05    0.7052766328D-11
    0.1000000000D-05    0.7052773093D-11
    0.1000000000D-05    0.7052779863D-11
    0.1000000000D-05    0.7052786638D-11
    0.1000000000D-05    0.7052793420D-11
    0.1000000000D-05    0.7052800209D-11
    0.1000000000D-05    0.7052807004D-11
    0.1000000000D-05    0.7052813807D-11
    0.1000000000D-05    0.7052820618D-11
    0.1000000000D-05    0.7052827437D-11
    0.1000000000D-05    0.7052834266D-11
    0.1000000000D-05    0.7052841104D-11
    0.1000000000D-05    0.7052847952D-11
    0.1000000000D-05    0.7052854810D-11
    0.1000000000D-05    0.7052861679D-11
    0.1000000000D-05    0.7052868559D-11
    0.1000000000D-05    0.7052875451D-11
    0.1000000000D-05    0.7052882357D-11
    0.1000000000D-05    0.7052889275D-11
    0.1000000000D-05    0.7052896207D-11
    0.1000000000D-05    0.7052903153D-11
    0.1000000000D-05    0.7052910115D-11
    0.1000000000D-05    0.7052917093D-11
    0.1000000000D-05    0.7052924087D-11
    0.1000000000D-05    0.7052931098D-11
    0.1000000000D-05    0.7052938127D-11
    0.1000000000D-05    0.7052945176D-11
    0.1000000000D-05    0.7052952244D-11
    0.1000000000D-05    0.7052959332D-11
    0.1000000000D-05    0.7052966442D-11
    0.1000000000D-05    0.7052973574D-11
    0.1000000000D-05    0.7052980730D-11
    0.1000000000D-05    0.7052987910D-11
    0.1000000000D-05    0.7052995115D-11
    0.1000000000D-05    0.7053002347D-11
    0.1000000000D-05    0.7053009607D-11
    0.1000000000D-05    0.7053016895D-11
    0.1000000000D-05    0.7053024213D-11
    0.1000000000D-05    0.7053031563D-11
    0.1000000000D-05    0.7053038946D-11
    0.1000000000D-05    0.7053046363D-11
    0.1000000000D-05    0.7053053816D-11
    0.1000000000D-05    0.7053061307D-11
    0.1000000000D-05    0.7053068836D-11
    0.1000000000D-05    0.7053076407D-11
    0.1000000000D-05    0.7053084020D-11
    0.1000000000D-05    0.7053091678D-11
    0.1000000000D-05    0.7053099383D-11
    0.1000000000D-05    0.7053107137D-11
    0.1000000000D-05    0.7053114943D-11
    0.1000000000D-05    0.7053122802D-11
    0.1000000000D-05    0.7053130719D-11
    0.1000000000D-05    0.7053138694D-11
    0.1000000000D-05    0.7053146733D-11
    0.1000000000D-05    0.7053154836D-11
    0.1000000000D-05    0.7053163009D-11
    0.1000000000D-05    0.7053171255D-11
    0.1000000000D-05    0.7053179577D-11
    0.1000000000D-05    0.7053187981D-11
    0.1000000000D-05    0.7053196469D-11
    0.1000000000D-05    0.7053205048D-11
    0.1000000000D-05    0.7053213722D-11
    0.1000000000D-05    0.7053222498D-11
    0.1000000000D-05    0.7053231380D-11
    0.1000000000D-05    0.7053240376D-11
    0.1000000000D-05    0.7053249494D-11
    0.1000000000D-05    0.7053258739D-11
    0.1000000000D-05    0.7053268122D-11
    0.1000000000D-05    0.7053277652D-11
    0.1000000000D-05    0.7053287338D-11
    0.1000000000D-05    0.7053297191D-11
    0.1000000000D-05    0.7053307224D-11
    0.1000000000D-05    0.7053317451D-11
    0.1000000000D-05    0.7053327885D-11
    0.1000000000D-05    0.7053338544D-11
    0.1000000000D-05    0.7053349445D-11
    0.1000000000D-05    0.7053360610D-11
    0.1000000000D-05    0.7053372060D-11
    0.1000000000D-05    0.7053383821D-11
    0.1000000000D-05    0.7053395922D-11
    0.1000000000D-05    0.7053408395D-11
    0.1000000000D-05    0.7053421277D-11
    0.1000000000D-05    0.7053434610D-11
    0.1000000000D-05    0.7053448441D-11
    0.1000000000D-05    0.7053462827D-11
    0.1000000000D-05    0.7053477829D-11
    0.1000000000D-05    0.7053493523D-11
    0.1000000000D-05    0.7053509995D-11
    0.1000000000D-05    0.7053527346D-11
    0.1000000000D-05    0.7053545697D-11
    0.1000000000D-05    0.7053565193D-11
    0.1000000000D-05    0.7053586006D-11
    0.1000000000D-05    0.7053608348D-11
    0.1000000000D-05    0.7053632478D-11
    0.1000000000D-05    0.7053658717D-11
    0.1000000000D-05    0.7053687469D-11
    0.1000000000D-05    0.7053719249D-11
    0.1000000000D-05    0.7053754726D-11
    0.1000000000D-05    0.7053794779D-11
    0.1000000000D-05    0.7053840595D-11
    0.1000000000D-05    0.7053893808D-11
    0.1000000000D-05    0.7053956740D-11
    0.1000000000D-05    0.7054032802D-11
    0.1000000000D-05    0.7054127212D-11
    0.1000000000D-05    0.7054248385D-11
    0.1000000000D-05    0.7054410816D-11
    0.1000000000D-05    0.7054641787D-11
    0.1000000000D-05    0.7054999448D-11
    0.1000000000D-05    0.7055633724D-11
    0.1000000000D-05    0.7057085292D-11
    0.1000000000D-05    0.7063939603D-11
    0.1000000000D-05    0.7041363486D-11
    0.1000000000D-05    0.7049611402D-11
    0.1000000000D-05    0.7051174037D-11
    0.1000000000D-05    0.7051839020D-11
    0.1000000000D-05    0.7052209452D-11
    0.1000000000D-05    0.7052447033D-11
    0.1000000000D-05    0.7052613419D-11
    0.1000000000D-05    0.7052737233D-11
    0.1000000000D-05    0.7052833571D-11
    0.1000000000D-05    0.7052911152D-11
    0.1000000000D-05    0.7052975360D-11
    0.1000000000D-05    0.7053029703D-11
    0.1000000000D-05    0.7053076563D-11
    0.1000000000D-05    0.7053117613D-11
    0.1000000000D-05    0.7053154066D-11
    0.1000000000D-05    0.7053186819D-11
    0.1000000000D-05    0.7053216554D-11
    0.1000000000D-05    0.7053243793D-11
    0.1000000000D-05    0.7053268949D-11
    0.1000000000D-05    0.7053292348D-11
    0.1000000000D-05    0.7053314253D-11
    0.1000000000D-05    0.7053334878D-11
    0.1000000000D-05    0.7053354399D-11
    0.1000000000D-05    0.7053372962D-11
    0.1000000000D-05    0.7053390690D-11
    0.1000000000D-05    0.7053407686D-11
    0.1000000000D-05    0.7053424036D-11
    0.1000000000D-05    0.7053439817D-11
    0.1000000000D-05    0.7053455093D-11
    0.1000000000D-05    0.7053469920D-11
    0.1000000000D-05    0.7053484346D-11
    0.1000000000D-05    0.7053498414D-11
    0.1000000000D-05    0.7053512162D-11
    0.1000000000D-05    0.7053525622D-11
    0.1000000000D-05    0.7053538824D-11
    0.1000000000D-05    0.7053551793D-11
    0.1000000000D-05    0.7053564553D-11
    0.1000000000D-05    0.7053577125D-11
    0.1000000000D-05    0.7053589527D-11
    0.1000000000D-05    0.7053601777D-11
    0.1000000000D-05    0.7053613889D-11
    0.1000000000D-05    0.7053625878D-11
    0.1000000000D-05    0.7053637757D-11
    0.1000000000D-05    0.7053649536D-11
    0.1000000000D-05    0.7053661227D-11
    0.1000000000D-05    0.7053672839D-11
    0.1000000000D-05    0.7053684382D-11
    0.1000000000D-05    0.7053695863D-11
    0.1000000000D-05    0.7053707291D-11
    0.1000000000D-05    0.7053718672D-11
    0.1000000000D-05    0.7053730014D-11
    0.1000000000D-05    0.7053741322D-11
    0.1000000000D-05    0.7053752602D-11
    0.1000000000D-05    0.7053763860D-11
    0.1000000000D-05    0.7053775100D-11
    0.1000000000D-05    0.7053786329D-11
    0.1000000000D-05    0.7053797550D-11
    0.1000000000D-05    0.7053808767D-11
    0.1000000000D-05    0.7053819985D-11
    0.1000000000D-05    0.7053831208D-11
    0.1000000000D-05    0.7053842439D-11
    0.1000000000D-05    0.7053853682D-11
    0.1000000000D-05    0.7053864940D-11
    0.1000000000D-05    0.7053876217D-11
    0.1000000000D-05    0.7053887516D-11
    0.1000000000D-05    0.7053898839D-11
    0.1000000000D-05    0.7053910190D-11
    0.1000000000D-05    0.7053921572D-11
    0.1000000000D-05    0.7053932987D-11
    0.1000000000D-05    0.7053944438D-11
    0.1000000000D-05    0.7053955927D-11
    0.1000000000D-05    0.7053967458D-11
    0.1000000000D-05    0.7053979032D-11
    0.1000000000D-05    0.7053990653D-11
    0.1000000000D-05    0.7054002321D-11
    0.1000000000D-05    0.7054014041D-11
    0.1000000000D-05    0.7054025814D-11
    0.1000000000D-05    0.7054037642D-11
    0.1000000000D-05    0.7054049528D-11
    0.1000000000D-05    0.7054061473D-11
    0.1000000000D-05    0.7054073481D-11
    0.1000000000D-05    0.7054085553D-11
    0.1000000000D-05    0.7054097692D-11
    0.1000000000D-05    0.7054109900D-11
    0.1000000000D-05    0.7054122178D-11
    0.1000000000D-05    0.7054134529D-11
    0.1000000000D-05    0.7054146956D-11
    0.1000000000D-05    0.7054159460D-11
    0.1000000000D-05    0.7054172043D-11
    0.1000000000D-05    0.7054184709D-11
    0.1000000000D-05    0.7054197458D-11
    0.1000000000D-05    0.7054210294D-11
    0.1000000000D-05    0.7054223218D-11
    0.1000000000D-05    0.7054236232D-11
    0.1000000000D-05    0.7054249340D-11
    0.1000000000D-05    0.7054262543D-11
    0.1000000000D-05    0.7054275844D-11
    0.1000000000D-05    0.7054289245D-11
    0.1000000000D-05    0.7054302747D-11
    0.1000000000D-05    0.7054316355D-11
    0.1000000000D-05    0.7054330070D-11
    0.1000000000D-05    0.7054343895D-11
    0.1000000000D-05    0.7054357831D-11
    0.1000000000D-05    0.7054371883D-11
    0.1000000000D-05    0.7054386052D-11
    0.1000000000D-05    0.7054400341D-11
    0.1000000000D-05    0.7054414753D-11
    0.1000000000D-05    0.7054429291D-11
    0.1000000000D-05    0.7054443956D-11
    0.1000000000D-05    0.7054458754D-11
    0.1000000000D-05    0.7054473685D-11
    0.1000000000D-05    0.7054488754D-11
    0.1000000000D-05    0.7054503963D-11
    0.1000000000D-05    0.7054519315D-11
    0.1000000000D-05    0.7054534815D-11
    0.1000000000D-05    0.7054550464D-11
    0.1000000000D-05    0.7054566267D-11
    0.1000000000D-05    0.7054582227D-11
    0.1000000000D-05    0.7054598347D-11
    0.1000000000D-05    0.7054614631D-11
    0.1000000000D-05    0.7054631084D-11
    0.1000000000D-05    0.7054647708D-11
    0.1000000000D-05    0.7054664508D-11
    0.1000000000D-05    0.7054681489D-11
    0.1000000000D-05    0.7054698653D-11
    0.1000000000D-05    0.7054716006D-11
    0.1000000000D-05    0.7054733552D-11
    0.1000000000D-05    0.7054751295D-11
    0.1000000000D-05    0.7054769241D-11
    0.1000000000D-05    0.7054787395D-11
    0.1000000000D-05    0.7054805761D-11
    0.1000000000D-05    0.7054824344D-11
    0.1000000000D-05    0.7054843151D-11
    0.1000000000D-05    0.7054862187D-11
    0.1000000000D-05    0.7054881457D-11
    0.1000000000D-05    0.7054900968D-11
    0.1000000000D-05    0.7054920726D-11
    0.1000000000D-05    0.7054940737D-11
    0.1000000000D-05    0.7054961009D-11
    0.1000000000D-05    0.7054981547D-11
    0.1000000000D-05    0.7055002360D-11
    0.1000000000D-05    0.7055023455D-11
    0.1000000000D-05    0.7055044839D-11
    0.1000000000D-05    0.7055066521D-11
    0.1000000000D-05    0.7055088509D-11
    0.1000000000D-05    0.7055110813D-11
    0.1000000000D-05    0.7055133440D-11
    0.1000000000D-05    0.7055156402D-11
    0.1000000000D-05    0.7055179707D-11
    0.1000000000D-05    0.7055203366D-11
    0.1000000000D-05    0.7055227390D-11
    0.1000000000D-05    0.7055251791D-11
    0.1000000000D-05    0.7055276580D-11
    0.1000000000D-05    0.7055301769D-11
    0.1000000000D-05    0.7055327373D-11
    0.1000000000D-05    0.7055353404D-11
    0.1000000000D-05    0.7055379876D-11
    0.1000000000D-05    0.7055406806D-11
    0.1000000000D-05    0.7055434207D-11
    0.1000000000D-05    0.7055462099D-11
    0.1000000000D-05    0.7055490496D-11
    0.1000000000D-05    0.7055519419D-11
    0.1000000000D-05    0.7055548886D-11
    0.1000000000D-05    0.7055578918D-11
    0.1000000000D-05    0.7055609536D-11
    0.1000000000D-05    0.7055640764D-11
    0.1000000000D-05    0.7055672625D-11
    0.1000000000D-05    0.7055705144D-11
    0.1000000000D-05    0.7055738349D-11
    0.1000000000D-05    0.7055772269D-11
    0.1000000000D-05    0.7055806934D-11
    0.1000000000D-05    0.7055842375D-11
    0.1000000000D-05    0.7055878629D-11
    0.1000000000D-05    0.7055915730D-11
    0.1000000000D-05    0.7055953719D-11
    0.1000000000D-05    0.7055992636D-11
    0.1000000000D-05    0.7056032527D-11
    0.1000000000D-05    0.7056073439D-11
    0.1000000000D-05    0.7056115423D-11
    0.1000000000D-05    0.7056158534D-11
    0.1000000000D-05    0.7056202831D-11
    0.1000000000D-05    0.7056248378D-11
    0.1000000000D-05    0.7056295241D-11
    0.1000000000D-05    0.7056343496D-11
    0.1000000000D-05    0.7056393221D-11
    0.1000000000D-05    0.7056444504D-11
    0.1000000000D-05    0.7056497437D-11
    0.1000000000D-05    0.7056552122D-11
    0.1000000000D-05    0.7056608669D-11
    0.1000000000D-05    0.7056667200D-11
    0.1000000000D-05    0.7056727846D-11
    0.1000000000D-05    0.7056790750D-11
    0.1000000000D-05    0.7056856073D-11
    0.1000000000D-05    0.7056923988D-11
    0.1000000000D-05    0.7056994687D-11
    0.1000000000D-05    0.7057068382D-11
    0.1000000000D-05    0.7057145310D-11
    0.1000000000D-05    0.7057225732D-11
    0.1000000000D-05    0.7057309939D-11
    0.1000000000D-05    0.7057398259D-11
    0.1000000000D-05    0.7057491058D-11
    0.1000000000D-05    0.7057588748D-11
    0.1000000000D-05    0.7057691796D-11
    0.1000000000D-05    0.7057800730D-11
    0.1000000000D-05    0.7057916154D-11
    0.1000000000D-05    0.7058038757D-11
    0.1000000000D-05    0.7058169333D-11
    0.1000000000D-05    0.7058308799D-11
    0.1000000000D-05    0.7058458220D-11
    0.1000000000D-05    0.7058618844D-11
    0.1000000000D-05    0.7058792137D-11
    0.1000000000D-05    0.7058979837D-11
    0.1000000000D-05    0.7059184019D-11
    0.1000000000D-05    0.7059407181D-11
    0.1000000000D-05    0.7059652360D-11
    0.1000000000D-05    0.7059923280D-11
    0.1000000000D-05    0.7060224563D-11
    0.1000000000D-05    0.7060562016D-11
    0.1000000000D-05    0.7060943038D-11
    0.1000000000D-05    0.7061377202D-11
    0.1000000000D-05    0.7061877124D-11
    0.1000000000D-05    0.7062459766D-11
    0.1000000000D-05    0.7063148497D-11
    0.1000000000D-05    0.7063976421D-11
    0.1000000000D-05    0.7064992063D-11
    0.1000000000D-05    0.7066269473D-11
    0.1000000000D-05    0.7067927627D-11
    0.1000000000D-05    0.7070170547D-11
    0.1000000000D-05    0.7073379830D-11
    0.1000000000D-05    0.7078361582D-11
    0.1000000000D-05    0.7087164167D-11
    0.1000000000D-05    0.7106970902D-11
    0.1000000000D-05    0.7193204937D-11
    0.1000000000D-05    0.6853073513D-11
    0.1000000000D-05    0.6997354421D-11
    0.1000000000D-05    0.7021643049D-11
    0.1000000000D-05    0.7031677486D-11
    0.1000000000D-05    0.7037166940D-11
    0.1000000000D-05    0.7040634480D-11
    0.1000000000D-05    0.7043027346D-11
    0.1000000000D-05    0.7044781061D-11
    0.1000000000D-05    0.7046123866D-11
    0.1000000000D-05    0.7047186925D-11
    0.1000000000D-05    0.7048050978D-11
    0.1000000000D-05    0.7048768447D-11
    0.1000000000D-05    0.7049374849D-11
    0.1000000000D-05    0.7049895107D-11
    0.1000000000D-05    0.7050347220D-11
    0.1000000000D-05    0.7050744518D-11
    0.1000000000D-05    0.7051097079D-11
    0.1000000000D-05    0.7051412666D-11
    0.1000000000D-05    0.7051697355D-11
    0.1000000000D-05    0.7051955978D-11
    0.1000000000D-05    0.7052192407D-11
    0.1000000000D-05    0.7052409801D-11
    0.1000000000D-05    0.7052610754D-11
    0.1000000000D-05    0.7052797415D-11
    0.1000000000D-05    0.7052971583D-11
    0.1000000000D-05    0.7053134776D-11
    0.1000000000D-05    0.7053288280D-11
    0.1000000000D-05    0.7053433196D-11
    0.1000000000D-05    0.7053570470D-11
    0.1000000000D-05    0.7053700919D-11
    0.1000000000D-05    0.7053825254D-11
    0.1000000000D-05    0.7053944098D-11
    0.1000000000D-05    0.7054057994D-11
    0.1000000000D-05    0.7054167423D-11
    0.1000000000D-05    0.7054272811D-11
    0.1000000000D-05    0.7054374535D-11
    0.1000000000D-05    0.7054472933D-11
    0.1000000000D-05    0.7054568306D-11
    0.1000000000D-05    0.7054660924D-11
    0.1000000000D-05    0.7054751033D-11
    0.1000000000D-05    0.7054838851D-11
    0.1000000000D-05    0.7054924580D-11
    0.1000000000D-05    0.7055008399D-11
    0.1000000000D-05    0.7055090476D-11
    0.1000000000D-05    0.7055170961D-11
    0.1000000000D-05    0.7055249992D-11
    0.1000000000D-05    0.7055327697D-11
    0.1000000000D-05    0.7055404193D-11
    0.1000000000D-05    0.7055479588D-11
    0.1000000000D-05    0.7055553981D-11
    0.1000000000D-05    0.7055627466D-11
    0.1000000000D-05    0.7055700128D-11
    0.1000000000D-05    0.7055772048D-11
    0.1000000000D-05    0.7055843299D-11
    0.1000000000D-05    0.7055913953D-11
    0.1000000000D-05    0.7055984075D-11
    0.1000000000D-05    0.7056053725D-11
    0.1000000000D-05    0.7056122963D-11
    0.1000000000D-05    0.7056191842D-11
    0.1000000000D-05    0.7056260415D-11
    0.1000000000D-05    0.7056328729D-11
    0.1000000000D-05    0.7056396832D-11
    0.1000000000D-05    0.7056464767D-11
    0.1000000000D-05    0.7056532577D-11
    0.1000000000D-05    0.7056600301D-11
    0.1000000000D-05    0.7056667978D-11
    0.1000000000D-05    0.7056735644D-11
    0.1000000000D-05    0.7056803335D-11
    0.1000000000D-05    0.7056871084D-11
    0.1000000000D-05    0.7056938925D-11
    0.1000000000D-05    0.7057006888D-11
    0.1000000000D-05    0.7057075005D-11
    0.1000000000D-05    0.7057143305D-11
    0.1000000000D-05    0.7057211817D-11
    0.1000000000D-05    0.7057280569D-11
    0.1000000000D-05    0.7057349588D-11
    0.1000000000D-05    0.7057418902D-11
    0.1000000000D-05    0.7057488535D-11
    0.1000000000D-05    0.7057558514D-11
    0.1000000000D-05    0.7057628864D-11
    0.1000000000D-05    0.7057699610D-11
    0.1000000000D-05    0.7057770777D-11
    0.1000000000D-05    0.7057842387D-11
    0.1000000000D-05    0.7057914466D-11
    0.1000000000D-05    0.7057987037D-11
    0.1000000000D-05    0.7058060124D-11
    0.1000000000D-05    0.7058133749D-11
    0.1000000000D-05    0.7058207936D-11
    0.1000000000D-05    0.7058282708D-11
    0.1000000000D-05    0.7058358089D-11
    0.1000000000D-05    0.7058434101D-11
    0.1000000000D-05    0.7058510768D-11
    0.1000000000D-05    0.7058588113D-11
    0.1000000000D-05    0.7058666158D-11
    0.1000000000D-05    0.7058744929D-11
    0.1000000000D-05    0.7058824447D-11
    0.1000000000D-05    0.7058904737D-11
    0.1000000000D-05    0.7058985823D-11
    0.1000000000D-05    0.7059067728D-11
    0.1000000000D-05    0.7059150478D-11
    0.1000000000D-05    0.7059234096D-11
    0.1000000000D-05    0.7059318609D-11
    0.1000000000D-05    0.7059404040D-11
    0.1000000000D-05    0.7059490417D-11
    0.1000000000D-05    0.7059577764D-11
    0.1000000000D-05    0.7059666109D-11
    0.1000000000D-05    0.7059755478D-11
    0.1000000000D-05    0.7059845899D-11
    0.1000000000D-05    0.7059937400D-11
    0.1000000000D-05    0.7060030009D-11
    0.1000000000D-05    0.7060123756D-11
    0.1000000000D-05    0.7060218669D-11
    0.1000000000D-05    0.7060314780D-11
    0.1000000000D-05    0.7060412120D-11
    0.1000000000D-05    0.7060510719D-11
    0.1000000000D-05    0.7060610612D-11
    0.1000000000D-05    0.7060711830D-11
    0.1000000000D-05    0.7060814408D-11
    0.1000000000D-05    0.7060918381D-11
    0.1000000000D-05    0.7061023786D-11
    0.1000000000D-05    0.7061130658D-11
    0.1000000000D-05    0.7061239036D-11
    0.1000000000D-05    0.7061348960D-11
    0.1000000000D-05    0.7061460468D-11
    0.1000000000D-05    0.7061573604D-11
    0.1000000000D-05    0.7061688409D-11
    0.1000000000D-05    0.7061804927D-11
    0.1000000000D-05    0.7061923204D-11
    0.1000000000D-05    0.7062043288D-11
    0.1000000000D-05    0.7062165225D-11
    0.1000000000D-05    0.7062289068D-11
    0.1000000000D-05    0.7062414868D-11
    0.1000000000D-05    0.7062542678D-11
    0.1000000000D-05    0.7062672555D-11
    0.1000000000D-05    0.7062804557D-11
    0.1000000000D-05    0.7062938744D-11
    0.1000000000D-05    0.7063075179D-11
    0.1000000000D-05    0.7063213927D-11
    0.1000000000D-05    0.7063355057D-11
    0.1000000000D-05    0.7063498640D-11
    0.1000000000D-05    0.7063644749D-11
    0.1000000000D-05    0.7063793463D-11
    0.1000000000D-05    0.7063944863D-11
    0.1000000000D-05    0.7064099035D-11
    0.1000000000D-05    0.7064256067D-11
    0.1000000000D-05    0.7064416055D-11
    0.1000000000D-05    0.7064579099D-11
    0.1000000000D-05    0.7064745303D-11
    0.1000000000D-05    0.7064914778D-11
    0.1000000000D-05    0.7065087643D-11
    0.1000000000D-05    0.7065264024D-11
    0.1000000000D-05    0.7065444054D-11
    0.1000000000D-05    0.7065627877D-11
    0.1000000000D-05    0.7065815646D-11
    0.1000000000D-05    0.7066007526D-11
    0.1000000000D-05    0.7066203695D-11
    0.1000000000D-05    0.7066404347D-11
    0.1000000000D-05    0.7066609692D-11
    0.1000000000D-05    0.7066819960D-11
    0.1000000000D-05    0.7067035403D-11
    0.1000000000D-05    0.7067256301D-11
    0.1000000000D-05    0.7067482963D-11
    0.1000000000D-05    0.7067715737D-11
    0.1000000000D-05    0.7067955013D-11
    0.1000000000D-05    0.7068201233D-11
    0.1000000000D-05    0.7068454905D-11
    0.1000000000D-05    0.7068716613D-11
    0.1000000000D-05    0.7068987040D-11
    0.1000000000D-05    0.7069266987D-11
    0.1000000000D-05    0.7069557413D-11
    0.1000000000D-05    0.7069859475D-11
    0.1000000000D-05    0.7070174587D-11
    0.1000000000D-05    0.7070504513D-11
    0.1000000000D-05    0.7070851482D-11
    0.1000000000D-05    0.7071218374D-11
    0.1000000000D-05    0.7071608987D-11
    0.1000000000D-05    0.7072028461D-11
    0.1000000000D-05    0.7072483957D-11
    0.1000000000D-05    0.7072985790D-11
    0.1000000000D-05    0.7073549444D-11
    0.1000000000D-05    0.7074199341D-11
    0.1000000000D-05    0.7074976487D-11
    0.1000000000D-05    0.7075955614D-11
    0.1000000000D-05    0.7077289101D-11
    0.1000000000D-05    0.7079343820D-11
    0.1000000000D-05    0.7083284929D-11
    0.1000000000D-05    0.7095845013D-11
    0.1000000000D-05    0.6958636743D-11
    0.1000000000D-05    0.7057986745D-11
    0.1000000000D-05    0.7065824287D-11
    0.1000000000D-05    0.7068952907D-11
    0.1000000000D-05    0.7070773538D-11
    0.1000000000D-05    0.7072052636D-11
    0.1000000000D-05    0.7073059502D-11
    0.1000000000D-05    0.7073913326D-11
    0.1000000000D-05    0.7074675145D-11
    0.1000000000D-05    0.7075379595D-11
    0.1000000000D-05    0.7076047914D-11
    0.1000000000D-05    0.7076693958D-11
    0.1000000000D-05    0.7077327252D-11
    0.1000000000D-05    0.7077954649D-11
    0.1000000000D-05    0.7078581291D-11
    0.1000000000D-05    0.7079211188D-11
    0.1000000000D-05    0.7079847586D-11
    0.1000000000D-05    0.7080493204D-11
    0.1000000000D-05    0.7081150401D-11
    0.1000000000D-05    0.7081821285D-11
    0.1000000000D-05    0.7082507793D-11
    0.1000000000D-05    0.7083211758D-11
    0.1000000000D-05    0.7083934947D-11
    0.1000000000D-05    0.7084679102D-11
    0.1000000000D-05    0.7085445967D-11
    0.1000000000D-05    0.7086237313D-11
    0.1000000000D-05    0.7087054963D-11
    0.1000000000D-05    0.7087900807D-11
    0.1000000000D-05    0.7088776826D-11
    0.1000000000D-05    0.7089685108D-11
    0.1000000000D-05    0.7090627867D-11
    0.1000000000D-05    0.7091607464D-11
    0.1000000000D-05    0.7092626426D-11
    0.1000000000D-05    0.7093687472D-11
    0.1000000000D-05    0.7094793532D-11
    0.1000000000D-05    0.7095947781D-11
    0.1000000000D-05    0.7097153662D-11
    0.1000000000D-05    0.7098414929D-11
    0.1000000000D-05    0.7099735678D-11
    0.1000000000D-05    0.7101120394D-11
    0.1000000000D-05    0.7102574001D-11
    0.1000000000D-05    0.7104101924D-11
    0.1000000000D-05    0.7105710149D-11
    0.1000000000D-05    0.7107405305D-11
    0.1000000000D-05    0.7109194756D-11
    0.1000000000D-05    0.7111086702D-11
    0.1000000000D-05    0.7113090311D-11
    0.1000000000D-05    0.7115215859D-11
    0.1000000000D-05    0.7117474911D-11
    0.1000000000D-05    0.7119880530D-11
    0.1000000000D-05    0.7122447525D-11
    0.1000000000D-05    0.7125192757D-11
    0.1000000000D-05    0.7128135510D-11
    0.1000000000D-05    0.7131297943D-11
    0.1000000000D-05    0.7134705642D-11
    0.1000000000D-05    0.7138388320D-11
    0.1000000000D-05    0.7142380677D-11
    0.1000000000D-05    0.7146723496D-11
    0.1000000000D-05    0.7151465041D-11
    0.1000000000D-05    0.7156662849D-11
    0.1000000000D-05    0.7162386078D-11
    0.1000000000D-05    0.7168718591D-11
    0.1000000000D-05    0.7175763092D-11
    0.1000000000D-05    0.7183646724D-11
    0.1000000000D-05    0.7192528806D-11
    0.1000000000D-05    0.7202611701D-11
    0.1000000000D-05    0.7214156396D-11
    0.1000000000D-05    0.7227505402D-11
    0.1000000000D-05    0.7243117270D-11
    0.1000000000D-05    0.7261620289D-11
    0.1000000000D-05    0.7283899022D-11
    0.1000000000D-05    0.7311239799D-11
    0.1000000000D-05    0.7345588020D-11
    0.1000000000D-05    0.7390032197D-11
    0.1000000000D-05    0.7449787969D-11
    0.1000000000D-05    0.7534409667D-11
    0.1000000000D-05    0.7663484046D-11
    0.1000000000D-05    0.7884472532D-11
    0.1000000000D-05    0.8349556989D-11
    0.1000000000D-05    0.9955241949D-11
    0.1000000000D-05    0.1670583606D-11
    0.1000000000D-05    0.5080963995D-11
    0.1000000000D-05    0.5969784509D-11
    0.1000000000D-05    0.6304882117D-11
    0.1000000000D-05    0.6480575379D-11
    0.1000000000D-05    0.6588719075D-11
    0.1000000000D-05    0.6661979720D-11
    0.1000000000D-05    0.6714887675D-11
    0.1000000000D-05    0.6754887983D-11
    0.1000000000D-05    0.6786189421D-11
    0.1000000000D-05    0.6811350464D-11
    0.1000000000D-05    0.6832015903D-11
    0.1000000000D-05    0.6849291262D-11
    0.1000000000D-05    0.6863947055D-11
    0.1000000000D-05    0.6876536745D-11
    0.1000000000D-05    0.6887468139D-11
    0.1000000000D-05    0.6897048347D-11
    0.1000000000D-05    0.6905513053D-11
    0.1000000000D-05    0.6913046140D-11
    0.1000000000D-05    0.6919793178D-11
    0.1000000000D-05    0.6925870912D-11
    0.1000000000D-05    0.6931374055D-11
    0.1000000000D-05    0.6936380256D-11
    0.1000000000D-05    0.6940953774D-11
    0.1000000000D-05    0.6945148246D-11
    0.1000000000D-05    0.6949008797D-11
    0.1000000000D-05    0.6952573659D-11
    0.1000000000D-05    0.6955875442D-11
    0.1000000000D-05    0.6958942133D-11
    0.1000000000D-05    0.6961797881D-11
    0.1000000000D-05    0.6964463640D-11
    0.1000000000D-05    0.6966957675D-11
    0.1000000000D-05    0.6969295983D-11
    0.1000000000D-05    0.6971492632D-11
    0.1000000000D-05    0.6973560048D-11
    0.1000000000D-05    0.6975509242D-11
    0.1000000000D-05    0.6977350008D-11
    0.1000000000D-05    0.6979091090D-11
    0.1000000000D-05    0.6980740313D-11
    0.1000000000D-05    0.6982304705D-11
    0.1000000000D-05    0.6983790595D-11
    0.1000000000D-05    0.6985203697D-11
    0.1000000000D-05    0.6986549184D-11
    0.1000000000D-05    0.6987831749D-11
    0.1000000000D-05    0.6989055661D-11
    0.1000000000D-05    0.6990224811D-11
    0.1000000000D-05    0.6991342753D-11
    0.1000000000D-05    0.6992412741D-11
    0.1000000000D-05    0.6993437758D-11
    0.1000000000D-05    0.6994420543D-11
    0.1000000000D-05    0.6995363620D-11
    0.1000000000D-05    0.6996269313D-11
    0.1000000000D-05    0.6997139769D-11
    0.1000000000D-05    0.6997976975D-11
    0.1000000000D-05    0.6998782769D-11
    0.1000000000D-05    0.6999558857D-11
    0.1000000000D-05    0.7000306823D-11
    0.1000000000D-05    0.7001028141D-11
    0.1000000000D-05    0.7001724184D-11
    0.1000000000D-05    0.7002396230D-11
    0.1000000000D-05    0.7003045476D-11
    0.1000000000D-05    0.7003673036D-11
    0.1000000000D-05    0.7004279957D-11
    0.1000000000D-05    0.7004867216D-11
    0.1000000000D-05    0.7005435732D-11
    0.1000000000D-05    0.7005986366D-11
    0.1000000000D-05    0.7006519926D-11
    0.1000000000D-05    0.7007037176D-11
    0.1000000000D-05    0.7007538830D-11
    0.1000000000D-05    0.7008025564D-11
    0.1000000000D-05    0.7008498015D-11
    0.1000000000D-05    0.7008956783D-11
    0.1000000000D-05    0.7009402437D-11
    0.1000000000D-05    0.7009835514D-11
    0.1000000000D-05    0.7010256519D-11
    0.1000000000D-05    0.7010665936D-11
    0.1000000000D-05    0.7011064218D-11
    0.1000000000D-05    0.7011451798D-11
    0.1000000000D-05    0.7011829085D-11
    0.1000000000D-05    0.7012196469D-11
    0.1000000000D-05    0.7012554320D-11
    0.1000000000D-05    0.7012902989D-11
    0.1000000000D-05    0.7013242810D-11
    0.1000000000D-05    0.7013574102D-11
    0.1000000000D-05    0.7013897168D-11
    0.1000000000D-05    0.7014212296D-11
    0.1000000000D-05    0.7014519764D-11
    0.1000000000D-05    0.7014819833D-11
    0.1000000000D-05    0.7015112754D-11
    0.1000000000D-05    0.7015398767D-11
    0.1000000000D-05    0.7015678102D-11
    0.1000000000D-05    0.7015950978D-11
    0.1000000000D-05    0.7016217604D-11
    0.1000000000D-05    0.7016478180D-11
    0.1000000000D-05    0.7016732899D-11
    0.1000000000D-05    0.7016981945D-11
    0.1000000000D-05    0.7017225495D-11
    0.1000000000D-05    0.7017463717D-11
    0.1000000000D-05    0.7017696773D-11
    0.1000000000D-05    0.7017924820D-11
    0.1000000000D-05    0.7018148006D-11
    0.1000000000D-05    0.7018366476D-11
    0.1000000000D-05    0.7018580368D-11
    0.1000000000D-05    0.7018789813D-11
    0.1000000000D-05    0.7018994940D-11
    0.1000000000D-05    0.7019195871D-11
    0.1000000000D-05    0.7019392725D-11
    0.1000000000D-05    0.7019585614D-11
    0.1000000000D-05    0.7019774649D-11
    0.1000000000D-05    0.7019959935D-11
    0.1000000000D-05    0.7020141573D-11
    0.1000000000D-05    0.7020319662D-11
    0.1000000000D-05    0.7020494296D-11
    0.1000000000D-05    0.7020665566D-11
    0.1000000000D-05    0.7020833560D-11
    0.1000000000D-05    0.7020998364D-11
    0.1000000000D-05    0.7021160058D-11
    0.1000000000D-05    0.7021318723D-11
    0.1000000000D-05    0.7021474434D-11
    0.1000000000D-05    0.7021627266D-11
    0.1000000000D-05    0.7021777291D-11
    0.1000000000D-05    0.7021924576D-11
    0.1000000000D-05    0.7022069190D-11
    0.1000000000D-05    0.7022211197D-11
    0.1000000000D-05    0.7022350660D-11
    0.1000000000D-05    0.7022487639D-11
    0.1000000000D-05    0.7022622192D-11
    0.1000000000D-05    0.7022754378D-11
    0.1000000000D-05    0.7022884250D-11
    0.1000000000D-05    0.7023011862D-11
    0.1000000000D-05    0.7023137267D-11
    0.1000000000D-05    0.7023260514D-11
    0.1000000000D-05    0.7023381652D-11
    0.1000000000D-05    0.7023500727D-11
    0.1000000000D-05    0.7023617787D-11
    0.1000000000D-05    0.7023732875D-11
    0.1000000000D-05    0.7023846034D-11
    0.1000000000D-05    0.7023957306D-11
    0.1000000000D-05    0.7024066732D-11
    0.1000000000D-05    0.7024174352D-11
    0.1000000000D-05    0.7024280204D-11
    0.1000000000D-05    0.7024384325D-11
    0.1000000000D-05    0.7024486751D-11
    0.1000000000D-05    0.7024587517D-11
    0.1000000000D-05    0.7024686659D-11
    0.1000000000D-05    0.7024784209D-11
    0.1000000000D-05    0.7024880199D-11
    0.1000000000D-05    0.7024974661D-11
    0.1000000000D-05    0.7025067626D-11
    0.1000000000D-05    0.7025159124D-11
    0.1000000000D-05    0.7025249183D-11
    0.1000000000D-05    0.7025337833D-11
    0.1000000000D-05    0.7025425100D-11
    0.1000000000D-05    0.7025511011D-11
    0.1000000000D-05    0.7025595593D-11
    0.1000000000D-05    0.7025678870D-11
    0.1000000000D-05    0.7025760869D-11
    0.1000000000D-05    0.7025841612D-11
    0.1000000000D-05    0.7025921124D-11
    0.1000000000D-05    0.7025999427D-11
    0.1000000000D-05    0.7026076545D-11
